subject	group	syllable	usage	treat
1	0	0	0.082104	Saline
6	2	0	0.089864	Ariadne_10
3	2	0	0.035517	Ariadne_10
14	1	0	0.075000	Ariadne_3
16	0	0	0.074963	Saline
19	0	0	0.020743	Saline
9	2	0	0.065019	Ariadne_10
8	1	0	0.037850	Ariadne_3
7	0	0	0.025434	Saline
10	0	0	0.069158	Saline
17	1	0	0.078848	Ariadne_3
22	1	0	0.055219	Ariadne_3
15	2	0	0.081259	Ariadne_10
4	0	0	0.015724	Saline
12	2	0	0.030808	Ariadne_10
11	1	0	0.027786	Ariadne_3
2	1	0	0.100187	Ariadne_3
18	2	0	0.024872	Ariadne_10
23	2	0	0.050524	Ariadne_10
20	1	0	0.034483	Ariadne_3
5	1	0	0.067540	Ariadne_3
21	2	0	0.044659	Ariadne_10
13	0	0	0.100775	Saline
1	0	1	0.046939	Saline
6	2	1	0.049686	Ariadne_10
3	2	1	0.039621	Ariadne_10
14	1	1	0.048438	Ariadne_3
16	0	1	0.058802	Saline
19	0	1	0.034973	Saline
9	2	1	0.024213	Ariadne_10
8	1	1	0.040810	Ariadne_3
7	0	1	0.046570	Saline
10	0	1	0.048201	Saline
17	1	1	0.031634	Ariadne_3
22	1	1	0.046230	Ariadne_3
15	2	1	0.036953	Ariadne_10
4	0	1	0.049396	Saline
12	2	1	0.034305	Ariadne_10
11	1	1	0.034374	Ariadne_3
2	1	1	0.036940	Ariadne_3
18	2	1	0.019080	Ariadne_10
23	2	1	0.042580	Ariadne_10
20	1	1	0.033026	Ariadne_3
5	1	1	0.061509	Ariadne_3
21	2	1	0.037417	Ariadne_10
13	0	1	0.052526	Saline
1	0	2	0.062166	Saline
6	2	2	0.037264	Ariadne_10
3	2	2	0.053630	Ariadne_10
14	1	2	0.043281	Ariadne_3
16	0	2	0.048235	Saline
19	0	2	0.012542	Saline
9	2	2	0.018964	Ariadne_10
8	1	2	0.030062	Ariadne_3
7	0	2	0.034211	Saline
10	0	2	0.041216	Saline
17	1	2	0.040132	Ariadne_3
22	1	2	0.029352	Ariadne_3
15	2	2	0.019985	Ariadne_10
4	0	2	0.022236	Saline
12	2	2	0.017319	Ariadne_10
11	1	2	0.015755	Ariadne_3
2	1	2	0.039552	Ariadne_3
18	2	2	0.005111	Ariadne_10
23	2	2	0.042421	Ariadne_10
20	1	2	0.016513	Ariadne_3
5	1	2	0.029979	Ariadne_3
21	2	2	0.014082	Ariadne_10
13	0	2	0.076183	Saline
1	0	3	0.016484	Saline
6	2	3	0.020089	Ariadne_10
3	2	3	0.026461	Ariadne_10
14	1	3	0.027813	Ariadne_3
16	0	3	0.022377	Saline
19	0	3	0.046068	Saline
9	2	3	0.014731	Ariadne_10
8	1	3	0.051869	Ariadne_3
7	0	3	0.029912	Saline
10	0	3	0.044359	Saline
17	1	3	0.015266	Ariadne_3
22	1	3	0.021097	Ariadne_3
15	2	3	0.023379	Ariadne_10
4	0	3	0.042090	Saline
12	2	3	0.022481	Ariadne_10
11	1	3	0.052134	Ariadne_3
2	1	3	0.022575	Ariadne_3
18	2	3	0.048041	Ariadne_10
23	2	3	0.025262	Ariadne_10
20	1	3	0.037154	Ariadne_3
5	1	3	0.047553	Ariadne_3
21	2	3	0.032991	Ariadne_10
13	0	3	0.020048	Saline
1	0	4	0.014129	Saline
6	2	4	0.044625	Ariadne_10
3	2	4	0.014150	Ariadne_10
14	1	4	0.027344	Ariadne_3
16	0	4	0.006837	Saline
19	0	4	0.035456	Saline
9	2	4	0.016255	Ariadne_10
8	1	4	0.035514	Ariadne_3
7	0	4	0.014508	Saline
10	0	4	0.031785	Saline
17	1	4	0.046427	Ariadne_3
22	1	4	0.032104	Ariadne_3
15	2	4	0.026961	Ariadne_10
4	0	4	0.032402	Saline
12	2	4	0.028143	Ariadne_10
11	1	4	0.023775	Ariadne_3
2	1	4	0.011567	Ariadne_3
18	2	4	0.031346	Ariadne_10
23	2	4	0.037814	Ariadne_10
20	1	4	0.066051	Ariadne_3
5	1	4	0.046520	Ariadne_3
21	2	4	0.069403	Ariadne_10
13	0	4	0.010425	Saline
1	0	5	0.016484	Saline
6	2	5	0.048919	Ariadne_10
3	2	5	0.015141	Ariadne_10
14	1	5	0.036719	Ariadne_3
16	0	5	0.014048	Saline
19	0	5	0.004100	Saline
9	2	5	0.039451	Ariadne_10
8	1	5	0.018224	Ariadne_3
7	0	5	0.004120	Saline
10	0	5	0.020433	Saline
17	1	5	0.041391	Ariadne_3
22	1	5	0.054852	Ariadne_3
15	2	5	0.040913	Ariadne_10
4	0	5	0.008259	Saline
12	2	5	0.006162	Ariadne_10
11	1	5	0.006302	Ariadne_3
2	1	5	0.093470	Ariadne_3
18	2	5	0.019080	Ariadne_10
23	2	5	0.017477	Ariadne_10
20	1	5	0.028898	Ariadne_3
5	1	5	0.041351	Ariadne_3
21	2	5	0.021927	Ariadne_10
13	0	5	0.048784	Saline
1	0	6	0.012402	Saline
6	2	6	0.025303	Ariadne_10
3	2	6	0.011179	Ariadne_10
14	1	6	0.021719	Ariadne_3
16	0	6	0.002611	Saline
19	0	6	0.056199	Saline
9	2	6	0.017779	Ariadne_10
8	1	6	0.026012	Ariadne_3
7	0	6	0.012717	Saline
10	0	6	0.049249	Saline
17	1	6	0.025811	Ariadne_3
22	1	6	0.048248	Ariadne_3
15	2	6	0.016026	Ariadne_10
4	0	6	0.019377	Saline
12	2	6	0.043630	Ariadne_10
11	1	6	0.036379	Ariadne_3
2	1	6	0.026119	Ariadne_3
18	2	6	0.060307	Ariadne_10
23	2	6	0.020337	Ariadne_10
20	1	6	0.058766	Ariadne_3
5	1	6	0.042729	Ariadne_3
21	2	6	0.022330	Ariadne_10
13	0	6	0.011227	Saline
1	0	7	0.042857	Saline
6	2	7	0.030057	Ariadne_10
3	2	7	0.032546	Ariadne_10
14	1	7	0.024219	Ariadne_3
16	0	7	0.030955	Saline
19	0	7	0.012783	Saline
9	2	7	0.011852	Ariadne_10
8	1	7	0.021028	Ariadne_3
7	0	7	0.030629	Saline
10	0	7	0.042438	Saline
17	1	7	0.016840	Ariadne_3
22	1	7	0.024032	Ariadne_3
15	2	7	0.015460	Ariadne_10
4	0	7	0.028113	Saline
12	2	7	0.032306	Ariadne_10
11	1	7	0.029504	Ariadne_3
2	1	7	0.033955	Ariadne_3
18	2	7	0.007836	Ariadne_10
23	2	7	0.025580	Ariadne_10
20	1	7	0.012627	Ariadne_3
5	1	7	0.024466	Ariadne_3
21	2	7	0.010863	Ariadne_10
13	0	7	0.033280	Saline
1	0	8	0.025746	Saline
6	2	8	0.027910	Ariadne_10
3	2	8	0.021367	Ariadne_10
14	1	8	0.031094	Ariadne_3
16	0	8	0.023123	Saline
19	0	8	0.016401	Saline
9	2	8	0.019641	Ariadne_10
8	1	8	0.019938	Ariadne_3
7	0	8	0.015762	Saline
10	0	8	0.012574	Saline
17	1	8	0.026912	Ariadne_3
22	1	8	0.029719	Ariadne_3
15	2	8	0.034314	Ariadne_10
4	0	8	0.021125	Saline
12	2	8	0.025479	Ariadne_10
11	1	8	0.031510	Ariadne_3
2	1	8	0.024067	Ariadne_3
18	2	8	0.021124	Ariadne_10
23	2	8	0.019860	Ariadne_10
20	1	8	0.037154	Ariadne_3
5	1	8	0.022398	Ariadne_3
21	2	8	0.024341	Ariadne_10
13	0	8	0.029939	Saline
1	0	9	0.014757	Saline
6	2	9	0.052599	Ariadne_10
3	2	9	0.000425	Ariadne_10
14	1	9	0.040156	Ariadne_3
16	0	9	0.013053	Saline
19	0	9	0.020019	Saline
9	2	9	0.030816	Ariadne_10
8	1	9	0.003427	Ariadne_3
7	0	9	0.010747	Saline
10	0	9	0.011352	Saline
17	1	9	0.047529	Ariadne_3
22	1	9	0.046414	Ariadne_3
15	2	9	0.005090	Ariadne_10
4	0	9	0.012548	Saline
12	2	9	0.006495	Ariadne_10
11	1	9	0.000859	Ariadne_3
2	1	9	0.047948	Ariadne_3
18	2	9	0.001704	Ariadne_10
23	2	9	0.013823	Ariadne_10
20	1	9	0.053667	Ariadne_3
5	1	9	0.042729	Ariadne_3
21	2	9	0.050493	Ariadne_10
13	0	9	0.018712	Saline
1	0	10	0.031868	Saline
6	2	10	0.024536	Ariadne_10
3	2	10	0.030140	Ariadne_10
14	1	10	0.022344	Ariadne_3
16	0	10	0.052213	Saline
19	0	10	0.024120	Saline
9	2	10	0.021334	Ariadne_10
8	1	10	0.022586	Ariadne_3
7	0	10	0.027584	Saline
10	0	10	0.013971	Saline
17	1	10	0.027699	Ariadne_3
22	1	10	0.024216	Ariadne_3
15	2	10	0.010747	Ariadne_10
4	0	10	0.024301	Saline
12	2	10	0.010325	Ariadne_10
11	1	10	0.008880	Ariadne_3
2	1	10	0.006903	Ariadne_3
18	2	10	0.006474	Ariadne_10
23	2	10	0.032412	Ariadne_10
20	1	10	0.006799	Ariadne_3
5	1	10	0.019125	Ariadne_3
21	2	10	0.017904	Ariadne_10
13	0	10	0.012697	Saline
1	0	11	0.012088	Saline
6	2	11	0.036037	Ariadne_10
3	2	11	0.003255	Ariadne_10
14	1	11	0.025156	Ariadne_3
16	0	11	0.021880	Saline
19	0	11	0.000000	Saline
9	2	11	0.039282	Ariadne_10
8	1	11	0.007477	Ariadne_3
7	0	11	0.000537	Saline
10	0	11	0.002445	Saline
17	1	11	0.026912	Ariadne_3
22	1	11	0.016144	Ariadne_3
15	2	11	0.086916	Ariadne_10
4	0	11	0.001112	Saline
12	2	11	0.000167	Ariadne_10
11	1	11	0.001719	Ariadne_3
2	1	11	0.041045	Ariadne_3
18	2	11	0.001363	Ariadne_10
23	2	11	0.007944	Ariadne_10
20	1	11	0.003885	Ariadne_3
5	1	11	0.016885	Ariadne_3
21	2	11	0.017300	Ariadne_10
13	0	11	0.046645	Saline
1	0	12	0.016797	Saline
6	2	12	0.009661	Ariadne_10
3	2	12	0.060705	Ariadne_10
14	1	12	0.009219	Ariadne_3
16	0	12	0.015415	Saline
19	0	12	0.034732	Saline
9	2	12	0.001185	Ariadne_10
8	1	12	0.019315	Ariadne_3
7	0	12	0.020956	Saline
10	0	12	0.012574	Saline
17	1	12	0.005666	Ariadne_3
22	1	12	0.008989	Ariadne_3
15	2	12	0.007164	Ariadne_10
4	0	12	0.068933	Saline
12	2	12	0.028476	Ariadne_10
11	1	12	0.014036	Ariadne_3
2	1	12	0.002799	Ariadne_3
18	2	12	0.010903	Ariadne_10
23	2	12	0.024627	Ariadne_10
20	1	12	0.018213	Ariadne_3
5	1	12	0.010510	Ariadne_3
21	2	12	0.009254	Ariadne_10
13	0	12	0.008955	Saline
1	0	13	0.015228	Saline
6	2	13	0.019629	Ariadne_10
3	2	13	0.014858	Ariadne_10
14	1	13	0.015781	Ariadne_3
16	0	13	0.014421	Saline
19	0	13	0.030632	Saline
9	2	13	0.013207	Ariadne_10
8	1	13	0.024455	Ariadne_3
7	0	13	0.050152	Saline
10	0	13	0.015019	Saline
17	1	13	0.017469	Ariadne_3
22	1	13	0.010824	Ariadne_3
15	2	13	0.004525	Ariadne_10
4	0	13	0.034784	Saline
12	2	13	0.025479	Ariadne_10
11	1	13	0.030364	Ariadne_3
2	1	13	0.006157	Ariadne_3
18	2	13	0.014651	Ariadne_10
23	2	13	0.014458	Ariadne_10
20	1	13	0.022098	Ariadne_3
5	1	13	0.021020	Ariadne_3
21	2	13	0.010863	Ariadne_10
13	0	13	0.008554	Saline
1	0	14	0.028257	Saline
6	2	14	0.027603	Ariadne_10
3	2	14	0.008632	Ariadne_10
14	1	14	0.016563	Ariadne_3
16	0	14	0.019145	Saline
19	0	14	0.010130	Saline
9	2	14	0.025906	Ariadne_10
8	1	14	0.015109	Ariadne_3
7	0	14	0.012001	Saline
10	0	14	0.027244	Saline
17	1	14	0.026440	Ariadne_3
22	1	14	0.026050	Ariadne_3
15	2	14	0.022624	Ariadne_10
4	0	14	0.007147	Saline
12	2	14	0.012157	Ariadne_10
11	1	14	0.015755	Ariadne_3
2	1	14	0.026119	Ariadne_3
18	2	14	0.002044	Ariadne_10
23	2	14	0.015729	Ariadne_10
20	1	14	0.009228	Ariadne_3
5	1	14	0.008098	Ariadne_3
21	2	14	0.002213	Ariadne_10
13	0	14	0.039695	Saline
1	0	15	0.005965	Saline
6	2	15	0.009814	Ariadne_10
3	2	15	0.012594	Ariadne_10
14	1	15	0.004375	Ariadne_3
16	0	15	0.009199	Saline
19	0	15	0.001930	Saline
9	2	15	0.014731	Ariadne_10
8	1	15	0.034579	Ariadne_3
7	0	15	0.002149	Saline
10	0	15	0.026196	Saline
17	1	15	0.009443	Ariadne_3
22	1	15	0.031921	Ariadne_3
15	2	15	0.072775	Ariadne_10
4	0	15	0.014454	Saline
12	2	15	0.011657	Ariadne_10
11	1	15	0.001146	Ariadne_3
2	1	15	0.026119	Ariadne_3
18	2	15	0.006133	Ariadne_10
23	2	15	0.014935	Ariadne_10
20	1	15	0.007042	Ariadne_3
5	1	15	0.020848	Ariadne_3
21	2	15	0.021525	Ariadne_10
13	0	15	0.045710	Saline
1	0	16	0.009733	Saline
6	2	16	0.020549	Ariadne_10
3	2	16	0.003255	Ariadne_10
14	1	16	0.019688	Ariadne_3
16	0	16	0.011188	Saline
19	0	16	0.019778	Saline
9	2	16	0.016085	Ariadne_10
8	1	16	0.021651	Ariadne_3
7	0	16	0.015941	Saline
10	0	16	0.034230	Saline
17	1	16	0.022506	Ariadne_3
22	1	16	0.032104	Ariadne_3
15	2	16	0.010935	Ariadne_10
4	0	16	0.014454	Saline
12	2	16	0.025812	Ariadne_10
11	1	16	0.018046	Ariadne_3
2	1	16	0.007836	Ariadne_3
18	2	16	0.007836	Ariadne_10
23	2	16	0.013823	Ariadne_10
20	1	16	0.031569	Ariadne_3
5	1	16	0.020503	Ariadne_3
21	2	16	0.024744	Ariadne_10
13	0	16	0.009623	Saline
1	0	17	0.006593	Saline
6	2	17	0.009354	Ariadne_10
3	2	17	0.011179	Ariadne_10
14	1	17	0.018438	Ariadne_3
16	0	17	0.006216	Saline
19	0	17	0.018331	Saline
9	2	17	0.007450	Ariadne_10
8	1	17	0.036604	Ariadne_3
7	0	17	0.026330	Saline
10	0	17	0.021306	Saline
17	1	17	0.012276	Ariadne_3
22	1	17	0.010640	Ariadne_3
15	2	17	0.026395	Ariadne_10
4	0	17	0.030178	Saline
12	2	17	0.024313	Ariadne_10
11	1	17	0.017474	Ariadne_3
2	1	17	0.009515	Ariadne_3
18	2	17	0.010562	Ariadne_10
23	2	17	0.010963	Ariadne_10
20	1	17	0.023312	Ariadne_3
5	1	17	0.022743	Ariadne_3
21	2	17	0.050694	Ariadne_10
13	0	17	0.004945	Saline
1	0	18	0.009733	Saline
6	2	18	0.011195	Ariadne_10
3	2	18	0.011886	Ariadne_10
14	1	18	0.021719	Ariadne_3
16	0	18	0.011934	Saline
19	0	18	0.025084	Saline
9	2	18	0.011344	Ariadne_10
8	1	18	0.021963	Ariadne_3
7	0	18	0.027046	Saline
10	0	18	0.024799	Saline
17	1	18	0.010859	Ariadne_3
22	1	18	0.011007	Ariadne_3
15	2	18	0.007164	Ariadne_10
4	0	18	0.016677	Saline
12	2	18	0.018984	Ariadne_10
11	1	18	0.035233	Ariadne_3
2	1	18	0.025000	Ariadne_3
18	2	18	0.029983	Ariadne_10
23	2	18	0.010168	Ariadne_10
20	1	18	0.021370	Ariadne_3
5	1	18	0.031013	Ariadne_3
21	2	18	0.014685	Ariadne_10
13	0	18	0.015237	Saline
1	0	19	0.024490	Saline
6	2	19	0.011501	Ariadne_10
3	2	19	0.021791	Ariadne_10
14	1	19	0.016406	Ariadne_3
16	0	19	0.029463	Saline
19	0	19	0.020502	Saline
9	2	19	0.015747	Ariadne_10
8	1	19	0.015576	Ariadne_3
7	0	19	0.031883	Saline
10	0	19	0.011701	Saline
17	1	19	0.021876	Ariadne_3
22	1	19	0.011741	Ariadne_3
15	2	19	0.010181	Ariadne_10
4	0	19	0.021442	Saline
12	2	19	0.027977	Ariadne_10
11	1	19	0.003151	Ariadne_3
2	1	19	0.011381	Ariadne_3
18	2	19	0.004770	Ariadne_10
23	2	19	0.020337	Ariadne_10
20	1	19	0.013113	Ariadne_3
5	1	19	0.016713	Ariadne_3
21	2	19	0.007041	Ariadne_10
13	0	19	0.012831	Saline
1	0	20	0.008006	Saline
6	2	20	0.014108	Ariadne_10
3	2	20	0.000566	Ariadne_10
14	1	20	0.019844	Ariadne_3
16	0	20	0.004600	Saline
19	0	20	0.035938	Saline
9	2	20	0.029631	Ariadne_10
8	1	20	0.006386	Ariadne_3
7	0	20	0.016299	Saline
10	0	20	0.015194	Saline
17	1	20	0.042965	Ariadne_3
22	1	20	0.014676	Ariadne_3
15	2	20	0.006033	Ariadne_10
4	0	20	0.020648	Saline
12	2	20	0.025312	Ariadne_10
11	1	20	0.000286	Ariadne_3
2	1	20	0.007276	Ariadne_3
18	2	20	0.005451	Ariadne_10
23	2	20	0.035589	Ariadne_10
20	1	20	0.027926	Ariadne_3
5	1	20	0.017919	Ariadne_3
21	2	20	0.031784	Ariadne_10
13	0	20	0.007351	Saline
1	0	21	0.004239	Saline
6	2	21	0.002607	Ariadne_10
3	2	21	0.014716	Ariadne_10
14	1	21	0.008750	Ariadne_3
16	0	21	0.004102	Saline
19	0	21	0.077665	Saline
9	2	21	0.002201	Ariadne_10
8	1	21	0.023364	Ariadne_3
7	0	21	0.013792	Saline
10	0	21	0.016591	Saline
17	1	21	0.004092	Ariadne_3
22	1	21	0.008439	Ariadne_3
15	2	21	0.007541	Ariadne_10
4	0	21	0.034466	Saline
12	2	21	0.016653	Ariadne_10
11	1	21	0.062446	Ariadne_3
2	1	21	0.004851	Ariadne_3
18	2	21	0.062692	Ariadne_10
23	2	21	0.007467	Ariadne_10
20	1	21	0.038125	Ariadne_3
5	1	21	0.014128	Ariadne_3
21	2	21	0.025347	Ariadne_10
13	0	21	0.004678	Saline
1	0	22	0.010832	Saline
6	2	22	0.019169	Ariadne_10
3	2	22	0.006368	Ariadne_10
14	1	22	0.023438	Ariadne_3
16	0	22	0.018896	Saline
19	0	22	0.009165	Saline
9	2	22	0.011683	Ariadne_10
8	1	22	0.015421	Ariadne_3
7	0	22	0.015762	Saline
10	0	22	0.022005	Saline
17	1	22	0.029745	Ariadne_3
22	1	22	0.013759	Ariadne_3
15	2	22	0.013198	Ariadne_10
4	0	22	0.017630	Saline
12	2	22	0.011990	Ariadne_10
11	1	22	0.018333	Ariadne_3
2	1	22	0.021455	Ariadne_3
18	2	22	0.003748	Ariadne_10
23	2	22	0.016841	Ariadne_10
20	1	22	0.010199	Ariadne_3
5	1	22	0.013439	Ariadne_3
21	2	22	0.023738	Ariadne_10
13	0	22	0.021117	Saline
1	0	23	0.008948	Saline
6	2	23	0.011348	Ariadne_10
3	2	23	0.015848	Ariadne_10
14	1	23	0.008750	Ariadne_3
16	0	23	0.023993	Saline
19	0	23	0.024361	Saline
9	2	23	0.003556	Ariadne_10
8	1	23	0.026480	Ariadne_3
7	0	23	0.036898	Saline
10	0	23	0.007859	Saline
17	1	23	0.006138	Ariadne_3
22	1	23	0.010640	Ariadne_3
15	2	23	0.007164	Ariadne_10
4	0	23	0.033355	Saline
12	2	23	0.029642	Ariadne_10
11	1	23	0.018046	Ariadne_3
2	1	23	0.003545	Ariadne_3
18	2	23	0.013629	Ariadne_10
23	2	23	0.026374	Ariadne_10
20	1	23	0.015784	Ariadne_3
5	1	23	0.014645	Ariadne_3
21	2	23	0.008851	Ariadne_10
13	0	23	0.011762	Saline
1	0	24	0.006907	Saline
6	2	24	0.007361	Ariadne_10
3	2	24	0.018820	Ariadne_10
14	1	24	0.006406	Ariadne_3
16	0	24	0.005097	Saline
19	0	24	0.008924	Saline
9	2	24	0.002201	Ariadne_10
8	1	24	0.021184	Ariadne_3
7	0	24	0.007165	Saline
10	0	24	0.024625	Saline
17	1	24	0.006453	Ariadne_3
22	1	24	0.014309	Ariadne_3
15	2	24	0.010370	Ariadne_10
4	0	24	0.017948	Saline
12	2	24	0.052123	Ariadne_10
11	1	24	0.017187	Ariadne_3
2	1	24	0.006903	Ariadne_3
18	2	24	0.024191	Ariadne_10
23	2	24	0.033683	Ariadne_10
20	1	24	0.016756	Ariadne_3
5	1	24	0.005169	Ariadne_3
21	2	24	0.045464	Ariadne_10
13	0	24	0.012563	Saline
1	0	25	0.022920	Saline
6	2	25	0.014568	Ariadne_10
3	2	25	0.029150	Ariadne_10
14	1	25	0.007656	Ariadne_3
16	0	25	0.040776	Saline
19	0	25	0.006512	Saline
9	2	25	0.001185	Ariadne_10
8	1	25	0.021651	Ariadne_3
7	0	25	0.030450	Saline
10	0	25	0.007684	Saline
17	1	25	0.011174	Ariadne_3
22	1	25	0.016144	Ariadne_3
15	2	25	0.003394	Ariadne_10
4	0	25	0.019536	Saline
12	2	25	0.012823	Ariadne_10
11	1	25	0.004870	Ariadne_3
2	1	25	0.002425	Ariadne_3
18	2	25	0.000341	Ariadne_10
23	2	25	0.029075	Ariadne_10
20	1	25	0.003885	Ariadne_3
5	1	25	0.007236	Ariadne_3
21	2	25	0.003822	Ariadne_10
13	0	25	0.017241	Saline
1	0	26	0.024176	Saline
6	2	26	0.017175	Ariadne_10
3	2	26	0.044715	Ariadne_10
14	1	26	0.011406	Ariadne_3
16	0	26	0.018150	Saline
19	0	26	0.011095	Saline
9	2	26	0.001355	Ariadne_10
8	1	26	0.009034	Ariadne_3
7	0	26	0.012717	Saline
10	0	26	0.016416	Saline
17	1	26	0.012276	Ariadne_3
22	1	26	0.011374	Ariadne_3
15	2	26	0.006976	Ariadne_10
4	0	26	0.028907	Saline
12	2	26	0.014155	Ariadne_10
11	1	26	0.020338	Ariadne_3
2	1	26	0.008769	Ariadne_3
18	2	26	0.002385	Ariadne_10
23	2	26	0.010804	Ariadne_10
20	1	26	0.010685	Ariadne_3
5	1	26	0.008615	Ariadne_3
21	2	26	0.002615	Ariadne_10
13	0	26	0.020182	Saline
1	0	27	0.050392	Saline
6	2	27	0.016102	Ariadne_10
3	2	27	0.023914	Ariadne_10
14	1	27	0.007656	Ariadne_3
16	0	27	0.027225	Saline
19	0	27	0.002653	Saline
9	2	27	0.004572	Ariadne_10
8	1	27	0.009813	Ariadne_3
7	0	27	0.018091	Saline
10	0	27	0.017988	Saline
17	1	27	0.016210	Ariadne_3
22	1	27	0.013759	Ariadne_3
15	2	27	0.003771	Ariadne_10
4	0	27	0.004924	Saline
12	2	27	0.009326	Ariadne_10
11	1	27	0.003724	Ariadne_3
2	1	27	0.016604	Ariadne_3
18	2	27	0.000681	Ariadne_10
23	2	27	0.015094	Ariadne_10
20	1	27	0.001700	Ariadne_3
5	1	27	0.005686	Ariadne_3
21	2	27	0.001609	Ariadne_10
13	0	27	0.034349	Saline
1	0	28	0.008006	Saline
6	2	28	0.013342	Ariadne_10
3	2	28	0.017688	Ariadne_10
14	1	28	0.020313	Ariadne_3
16	0	28	0.012556	Saline
19	0	28	0.008683	Saline
9	2	28	0.014223	Ariadne_10
8	1	28	0.012150	Ariadne_3
7	0	28	0.011105	Saline
10	0	28	0.011701	Saline
17	1	28	0.011646	Ariadne_3
22	1	28	0.015960	Ariadne_3
15	2	28	0.008484	Ariadne_10
4	0	28	0.005877	Saline
12	2	28	0.013489	Ariadne_10
11	1	28	0.010885	Ariadne_3
2	1	28	0.019403	Ariadne_3
18	2	28	0.004429	Ariadne_10
23	2	28	0.021290	Ariadne_10
20	1	28	0.013356	Ariadne_3
5	1	28	0.017746	Ariadne_3
21	2	28	0.017300	Ariadne_10
13	0	28	0.036087	Saline
1	0	29	0.013972	Saline
6	2	29	0.009354	Ariadne_10
3	2	29	0.011462	Ariadne_10
14	1	29	0.009688	Ariadne_3
16	0	29	0.002238	Saline
19	0	29	0.034973	Saline
9	2	29	0.005080	Ariadne_10
8	1	29	0.003583	Ariadne_3
7	0	29	0.004120	Saline
10	0	29	0.005239	Saline
17	1	29	0.011489	Ariadne_3
22	1	29	0.024399	Ariadne_3
15	2	29	0.011312	Ariadne_10
4	0	29	0.002859	Saline
12	2	29	0.008826	Ariadne_10
11	1	29	0.056431	Ariadne_3
2	1	29	0.019776	Ariadne_3
18	2	29	0.066780	Ariadne_10
23	2	29	0.006673	Ariadne_10
20	1	29	0.026469	Ariadne_3
5	1	29	0.018608	Ariadne_3
21	2	29	0.007644	Ariadne_10
13	0	29	0.005213	Saline
1	0	30	0.027316	Saline
6	2	30	0.012881	Ariadne_10
3	2	30	0.016556	Ariadne_10
14	1	30	0.008438	Ariadne_3
16	0	30	0.027474	Saline
19	0	30	0.008201	Saline
9	2	30	0.013546	Ariadne_10
8	1	30	0.010280	Ariadne_3
7	0	30	0.013255	Saline
10	0	30	0.008732	Saline
17	1	30	0.028958	Ariadne_3
22	1	30	0.006971	Ariadne_3
15	2	30	0.004148	Ariadne_10
4	0	30	0.014930	Saline
12	2	30	0.029475	Ariadne_10
11	1	30	0.004870	Ariadne_3
2	1	30	0.003545	Ariadne_3
18	2	30	0.003407	Ariadne_10
23	2	30	0.011122	Ariadne_10
20	1	30	0.005100	Ariadne_3
5	1	30	0.008615	Ariadne_3
21	2	30	0.003219	Ariadne_10
13	0	30	0.008287	Saline
1	0	31	0.010361	Saline
6	2	31	0.005061	Ariadne_10
3	2	31	0.022074	Ariadne_10
14	1	31	0.009688	Ariadne_3
16	0	31	0.013550	Saline
19	0	31	0.008924	Saline
9	2	31	0.007281	Ariadne_10
8	1	31	0.030685	Ariadne_3
7	0	31	0.016120	Saline
10	0	31	0.017464	Saline
17	1	31	0.006138	Ariadne_3
22	1	31	0.006604	Ariadne_3
15	2	31	0.013575	Ariadne_10
4	0	31	0.018424	Saline
12	2	31	0.011157	Ariadne_10
11	1	31	0.005443	Ariadne_3
2	1	31	0.005037	Ariadne_3
18	2	31	0.011584	Ariadne_10
23	2	31	0.024150	Ariadne_10
20	1	31	0.007771	Ariadne_3
5	1	31	0.022226	Ariadne_3
21	2	31	0.015088	Ariadne_10
13	0	31	0.004812	Saline
1	0	32	0.011617	Saline
6	2	32	0.006901	Ariadne_10
3	2	32	0.049526	Ariadne_10
14	1	32	0.010781	Ariadne_3
16	0	32	0.030457	Saline
19	0	32	0.010371	Saline
9	2	32	0.009821	Ariadne_10
8	1	32	0.007009	Ariadne_3
7	0	32	0.012001	Saline
10	0	32	0.005589	Saline
17	1	32	0.010072	Ariadne_3
22	1	32	0.008806	Ariadne_3
15	2	32	0.004525	Ariadne_10
4	0	32	0.012230	Saline
12	2	32	0.012656	Ariadne_10
11	1	32	0.013750	Ariadne_3
2	1	32	0.010634	Ariadne_3
18	2	32	0.009199	Ariadne_10
23	2	32	0.013505	Ariadne_10
20	1	32	0.004128	Ariadne_3
5	1	32	0.008270	Ariadne_3
21	2	32	0.011668	Ariadne_10
13	0	32	0.008420	Saline
1	0	33	0.024647	Saline
6	2	33	0.008128	Ariadne_10
3	2	33	0.010613	Ariadne_10
14	1	33	0.009531	Ariadne_3
16	0	33	0.008205	Saline
19	0	33	0.010130	Saline
9	2	33	0.003386	Ariadne_10
8	1	33	0.005607	Ariadne_3
7	0	33	0.010389	Saline
10	0	33	0.031785	Saline
17	1	33	0.003935	Ariadne_3
22	1	33	0.017245	Ariadne_3
15	2	33	0.021870	Ariadne_10
4	0	33	0.006830	Saline
12	2	33	0.012656	Ariadne_10
11	1	33	0.031510	Ariadne_3
2	1	33	0.036381	Ariadne_3
18	2	33	0.008518	Ariadne_10
23	2	33	0.004766	Ariadne_10
20	1	33	0.008742	Ariadne_3
5	1	33	0.012578	Ariadne_3
21	2	33	0.006639	Ariadne_10
13	0	33	0.010559	Saline
1	0	34	0.006750	Saline
6	2	34	0.005827	Ariadne_10
3	2	34	0.007924	Ariadne_10
14	1	34	0.005625	Ariadne_3
16	0	34	0.002238	Saline
19	0	34	0.034973	Saline
9	2	34	0.001355	Ariadne_10
8	1	34	0.008879	Ariadne_3
7	0	34	0.005373	Saline
10	0	34	0.005065	Saline
17	1	34	0.002675	Ariadne_3
22	1	34	0.006971	Ariadne_3
15	2	34	0.015649	Ariadne_10
4	0	34	0.013342	Saline
12	2	34	0.019817	Ariadne_10
11	1	34	0.080779	Ariadne_3
2	1	34	0.008769	Ariadne_3
18	2	34	0.039182	Ariadne_10
23	2	34	0.009215	Ariadne_10
20	1	34	0.022827	Ariadne_3
5	1	34	0.008270	Ariadne_3
21	2	34	0.020318	Ariadne_10
13	0	34	0.001871	Saline
1	0	35	0.016954	Saline
6	2	35	0.011195	Ariadne_10
3	2	35	0.023348	Ariadne_10
14	1	35	0.009531	Ariadne_3
16	0	35	0.013178	Saline
19	0	35	0.005548	Saline
9	2	35	0.001016	Ariadne_10
8	1	35	0.014019	Ariadne_3
7	0	35	0.020240	Saline
10	0	35	0.015892	Saline
17	1	35	0.008656	Ariadne_3
22	1	35	0.008806	Ariadne_3
15	2	35	0.002828	Ariadne_10
4	0	35	0.017313	Saline
12	2	35	0.006328	Ariadne_10
11	1	35	0.006588	Ariadne_3
2	1	35	0.006530	Ariadne_3
18	2	35	0.000000	Ariadne_10
23	2	35	0.022402	Ariadne_10
20	1	35	0.005342	Ariadne_3
5	1	35	0.003446	Ariadne_3
21	2	35	0.001609	Ariadne_10
13	0	35	0.020048	Saline
1	0	36	0.005338	Saline
6	2	36	0.006747	Ariadne_10
3	2	36	0.004670	Ariadne_10
14	1	36	0.007656	Ariadne_3
16	0	36	0.001119	Saline
19	0	36	0.020984	Saline
9	2	36	0.006434	Ariadne_10
8	1	36	0.016511	Ariadne_3
7	0	36	0.010030	Saline
10	0	36	0.008557	Saline
17	1	36	0.008813	Ariadne_3
22	1	36	0.016878	Ariadne_3
15	2	36	0.003394	Ariadne_10
4	0	36	0.013183	Saline
12	2	36	0.034638	Ariadne_10
11	1	36	0.011458	Ariadne_3
2	1	36	0.006903	Ariadne_3
18	2	36	0.017717	Ariadne_10
23	2	36	0.009692	Ariadne_10
20	1	36	0.036911	Ariadne_3
5	1	36	0.016023	Ariadne_3
21	2	36	0.014685	Ariadne_10
13	0	36	0.001604	Saline
1	0	37	0.006750	Saline
6	2	37	0.026223	Ariadne_10
3	2	37	0.001415	Ariadne_10
14	1	37	0.020469	Ariadne_3
16	0	37	0.003978	Saline
19	0	37	0.007477	Saline
9	2	37	0.009821	Ariadne_10
8	1	37	0.013551	Ariadne_3
7	0	37	0.002687	Saline
10	0	37	0.007859	Saline
17	1	37	0.017784	Ariadne_3
22	1	37	0.013392	Ariadne_3
15	2	37	0.023756	Ariadne_10
4	0	37	0.006512	Saline
12	2	37	0.007327	Ariadne_10
11	1	37	0.007734	Ariadne_3
2	1	37	0.002052	Ariadne_3
18	2	37	0.001022	Ariadne_10
23	2	37	0.004766	Ariadne_10
20	1	37	0.029383	Ariadne_3
5	1	37	0.014300	Ariadne_3
21	2	37	0.021927	Ariadne_10
13	0	37	0.002005	Saline
1	0	38	0.010518	Saline
6	2	38	0.005214	Ariadne_10
3	2	38	0.018254	Ariadne_10
14	1	38	0.009219	Ariadne_3
16	0	38	0.002859	Saline
19	0	38	0.015919	Saline
9	2	38	0.001016	Ariadne_10
8	1	38	0.006386	Ariadne_3
7	0	38	0.017732	Saline
10	0	38	0.007160	Saline
17	1	38	0.003935	Ariadne_3
22	1	38	0.004219	Ariadne_3
15	2	38	0.003959	Ariadne_10
4	0	38	0.040343	Saline
12	2	38	0.017319	Ariadne_10
11	1	38	0.016901	Ariadne_3
2	1	38	0.002425	Ariadne_3
18	2	38	0.002726	Ariadne_10
23	2	38	0.010168	Ariadne_10
20	1	38	0.009956	Ariadne_3
5	1	38	0.006547	Ariadne_3
21	2	38	0.002012	Ariadne_10
13	0	38	0.003208	Saline
1	0	39	0.031240	Saline
6	2	39	0.011041	Ariadne_10
3	2	39	0.015424	Ariadne_10
14	1	39	0.008594	Ariadne_3
16	0	39	0.011064	Saline
19	0	39	0.001930	Saline
9	2	39	0.003217	Ariadne_10
8	1	39	0.006386	Ariadne_3
7	0	39	0.006448	Saline
10	0	39	0.009605	Saline
17	1	39	0.016840	Ariadne_3
22	1	39	0.011924	Ariadne_3
15	2	39	0.005845	Ariadne_10
4	0	39	0.001588	Saline
12	2	39	0.003164	Ariadne_10
11	1	39	0.004583	Ariadne_3
2	1	39	0.014366	Ariadne_3
18	2	39	0.000681	Ariadne_10
23	2	39	0.004290	Ariadne_10
20	1	39	0.000729	Ariadne_3
5	1	39	0.006375	Ariadne_3
21	2	39	0.001006	Ariadne_10
13	0	39	0.018043	Saline
1	0	40	0.013030	Saline
6	2	40	0.011655	Ariadne_10
3	2	40	0.004104	Ariadne_10
14	1	40	0.008594	Ariadne_3
16	0	40	0.008826	Saline
19	0	40	0.003859	Saline
9	2	40	0.009482	Ariadne_10
8	1	40	0.003271	Ariadne_3
7	0	40	0.003761	Saline
10	0	40	0.008907	Saline
17	1	40	0.019515	Ariadne_3
22	1	40	0.009906	Ariadne_3
15	2	40	0.017345	Ariadne_10
4	0	40	0.002700	Saline
12	2	40	0.006328	Ariadne_10
11	1	40	0.011172	Ariadne_3
2	1	40	0.021269	Ariadne_3
18	2	40	0.002385	Ariadne_10
23	2	40	0.007626	Ariadne_10
20	1	40	0.007528	Ariadne_3
5	1	40	0.001551	Ariadne_3
21	2	40	0.002615	Ariadne_10
13	0	40	0.019647	Saline
1	0	41	0.008006	Saline
6	2	41	0.008128	Ariadne_10
3	2	41	0.011603	Ariadne_10
14	1	41	0.002500	Ariadne_3
16	0	41	0.012059	Saline
19	0	41	0.007718	Saline
9	2	41	0.004572	Ariadne_10
8	1	41	0.018380	Ariadne_3
7	0	41	0.017732	Saline
10	0	41	0.004366	Saline
17	1	41	0.011174	Ariadne_3
22	1	41	0.008439	Ariadne_3
15	2	41	0.006033	Ariadne_10
4	0	41	0.013977	Saline
12	2	41	0.013489	Ariadne_10
11	1	41	0.000859	Ariadne_3
2	1	41	0.006903	Ariadne_3
18	2	41	0.002044	Ariadne_10
23	2	41	0.021131	Ariadne_10
20	1	41	0.013356	Ariadne_3
5	1	41	0.002240	Ariadne_3
21	2	41	0.001006	Ariadne_10
13	0	41	0.002807	Saline
1	0	42	0.004239	Saline
6	2	42	0.002607	Ariadne_10
3	2	42	0.008066	Ariadne_10
14	1	42	0.004531	Ariadne_3
16	0	42	0.002735	Saline
19	0	42	0.025567	Saline
9	2	42	0.000677	Ariadne_10
8	1	42	0.004050	Ariadne_3
7	0	42	0.010568	Saline
10	0	42	0.006811	Saline
17	1	42	0.001102	Ariadne_3
22	1	42	0.003669	Ariadne_3
15	2	42	0.007919	Ariadne_10
4	0	42	0.028272	Saline
12	2	42	0.012490	Ariadne_10
11	1	42	0.062733	Ariadne_3
2	1	42	0.004104	Ariadne_3
18	2	42	0.013629	Ariadne_10
23	2	42	0.003178	Ariadne_10
20	1	42	0.014085	Ariadne_3
5	1	42	0.004480	Ariadne_3
21	2	42	0.010260	Ariadne_10
13	0	42	0.001069	Saline
1	0	43	0.012402	Saline
6	2	43	0.006441	Ariadne_10
3	2	43	0.005943	Ariadne_10
14	1	43	0.012188	Ariadne_3
16	0	43	0.013675	Saline
19	0	43	0.003859	Saline
9	2	43	0.007450	Ariadne_10
8	1	43	0.002336	Ariadne_3
7	0	43	0.006269	Saline
10	0	43	0.010479	Saline
17	1	43	0.016682	Ariadne_3
22	1	43	0.009173	Ariadne_3
15	2	43	0.010558	Ariadne_10
4	0	43	0.002700	Saline
12	2	43	0.007161	Ariadne_10
11	1	43	0.005729	Ariadne_3
2	1	43	0.007463	Ariadne_3
18	2	43	0.002726	Ariadne_10
23	2	43	0.010486	Ariadne_10
20	1	43	0.003400	Ariadne_3
5	1	43	0.001723	Ariadne_3
21	2	43	0.004828	Ariadne_10
13	0	43	0.013232	Saline
1	0	44	0.009890	Saline
6	2	44	0.007821	Ariadne_10
3	2	44	0.002830	Ariadne_10
14	1	44	0.013906	Ariadne_3
16	0	44	0.002984	Saline
19	0	44	0.013989	Saline
9	2	44	0.003386	Ariadne_10
8	1	44	0.006542	Ariadne_3
7	0	44	0.003941	Saline
10	0	44	0.003667	Saline
17	1	44	0.008656	Ariadne_3
22	1	44	0.016511	Ariadne_3
15	2	44	0.011312	Ariadne_10
4	0	44	0.008736	Saline
12	2	44	0.009825	Ariadne_10
11	1	44	0.010885	Ariadne_3
2	1	44	0.004851	Ariadne_3
18	2	44	0.004429	Ariadne_10
23	2	44	0.002542	Ariadne_10
20	1	44	0.018941	Ariadne_3
5	1	44	0.008098	Ariadne_3
21	2	44	0.004426	Ariadne_10
13	0	44	0.008688	Saline
1	0	45	0.009890	Saline
6	2	45	0.009048	Ariadne_10
3	2	45	0.009481	Ariadne_10
14	1	45	0.009531	Ariadne_3
16	0	45	0.020761	Saline
19	0	45	0.003377	Saline
9	2	45	0.003048	Ariadne_10
8	1	45	0.008100	Ariadne_3
7	0	45	0.017016	Saline
10	0	45	0.005414	Saline
17	1	45	0.007712	Ariadne_3
22	1	45	0.004403	Ariadne_3
15	2	45	0.003771	Ariadne_10
4	0	45	0.006671	Saline
12	2	45	0.004163	Ariadne_10
11	1	45	0.000000	Ariadne_3
2	1	45	0.004291	Ariadne_3
18	2	45	0.000000	Ariadne_10
23	2	45	0.012393	Ariadne_10
20	1	45	0.001943	Ariadne_3
5	1	45	0.009132	Ariadne_3
21	2	45	0.002816	Ariadne_10
13	0	45	0.008153	Saline
1	0	46	0.003925	Saline
6	2	46	0.008588	Ariadne_10
3	2	46	0.014433	Ariadne_10
14	1	46	0.008125	Ariadne_3
16	0	46	0.015788	Saline
19	0	46	0.006753	Saline
9	2	46	0.002709	Ariadne_10
8	1	46	0.007477	Ariadne_3
7	0	46	0.008777	Saline
10	0	46	0.001572	Saline
17	1	46	0.004564	Ariadne_3
22	1	46	0.007155	Ariadne_3
15	2	46	0.002828	Ariadne_10
4	0	46	0.009053	Saline
12	2	46	0.012157	Ariadne_10
11	1	46	0.003151	Ariadne_3
2	1	46	0.006530	Ariadne_3
18	2	46	0.006133	Ariadne_10
23	2	46	0.007467	Ariadne_10
20	1	46	0.005828	Ariadne_3
5	1	46	0.007236	Ariadne_3
21	2	46	0.005834	Ariadne_10
13	0	46	0.006950	Saline
1	0	47	0.010047	Saline
6	2	47	0.004907	Ariadne_10
3	2	47	0.012735	Ariadne_10
14	1	47	0.004063	Ariadne_3
16	0	47	0.016161	Saline
19	0	47	0.001930	Saline
9	2	47	0.000677	Ariadne_10
8	1	47	0.010125	Ariadne_3
7	0	47	0.007344	Saline
10	0	47	0.010129	Saline
17	1	47	0.006295	Ariadne_3
22	1	47	0.005504	Ariadne_3
15	2	47	0.004525	Ariadne_10
4	0	47	0.005400	Saline
12	2	47	0.001832	Ariadne_10
11	1	47	0.004010	Ariadne_3
2	1	47	0.007090	Ariadne_3
18	2	47	0.000000	Ariadne_10
23	2	47	0.009851	Ariadne_10
20	1	47	0.001700	Ariadne_3
5	1	47	0.001378	Ariadne_3
21	2	47	0.000805	Ariadne_10
13	0	47	0.019113	Saline
1	0	48	0.018210	Saline
6	2	48	0.002914	Ariadne_10
3	2	48	0.005094	Ariadne_10
14	1	48	0.002031	Ariadne_3
16	0	48	0.003108	Saline
19	0	48	0.005789	Saline
9	2	48	0.008127	Ariadne_10
8	1	48	0.005763	Ariadne_3
7	0	48	0.010210	Saline
10	0	48	0.001921	Saline
17	1	48	0.012276	Ariadne_3
22	1	48	0.002385	Ariadne_3
15	2	48	0.001320	Ariadne_10
4	0	48	0.023666	Saline
12	2	48	0.021316	Ariadne_10
11	1	48	0.000286	Ariadne_3
2	1	48	0.000560	Ariadne_3
18	2	48	0.001022	Ariadne_10
23	2	48	0.006514	Ariadne_10
20	1	48	0.011170	Ariadne_3
5	1	48	0.002584	Ariadne_3
21	2	48	0.001006	Ariadne_10
13	0	48	0.000936	Saline
1	0	49	0.018838	Saline
6	2	49	0.003067	Ariadne_10
3	2	49	0.000000	Ariadne_10
14	1	49	0.005156	Ariadne_3
16	0	49	0.026852	Saline
19	0	49	0.000000	Saline
9	2	49	0.051642	Ariadne_10
8	1	49	0.002960	Ariadne_3
7	0	49	0.000000	Saline
10	0	49	0.000349	Saline
17	1	49	0.011646	Ariadne_3
22	1	49	0.002568	Ariadne_3
15	2	49	0.003771	Ariadne_10
4	0	49	0.000000	Saline
12	2	49	0.000000	Ariadne_10
11	1	49	0.000000	Ariadne_3
2	1	49	0.003358	Ariadne_3
18	2	49	0.000000	Ariadne_10
23	2	49	0.000318	Ariadne_10
20	1	49	0.000486	Ariadne_3
5	1	49	0.000345	Ariadne_3
21	2	49	0.000402	Ariadne_10
13	0	49	0.000802	Saline
1	0	50	0.011931	Saline
6	2	50	0.001687	Ariadne_10
3	2	50	0.000708	Ariadne_10
14	1	50	0.001719	Ariadne_3
16	0	50	0.011313	Saline
19	0	50	0.000000	Saline
9	2	50	0.073315	Ariadne_10
8	1	50	0.000000	Ariadne_3
7	0	50	0.000000	Saline
10	0	50	0.001397	Saline
17	1	50	0.010230	Ariadne_3
22	1	50	0.001468	Ariadne_3
15	2	50	0.011501	Ariadne_10
4	0	50	0.000000	Saline
12	2	50	0.000000	Ariadne_10
11	1	50	0.000000	Ariadne_3
2	1	50	0.005037	Ariadne_3
18	2	50	0.001363	Ariadne_10
23	2	50	0.000159	Ariadne_10
20	1	50	0.000000	Ariadne_3
5	1	50	0.000345	Ariadne_3
21	2	50	0.000000	Ariadne_10
13	0	50	0.003876	Saline
1	0	51	0.007849	Saline
6	2	51	0.005827	Ariadne_10
3	2	51	0.002264	Ariadne_10
14	1	51	0.007031	Ariadne_3
16	0	51	0.005221	Saline
19	0	51	0.000965	Saline
9	2	51	0.018625	Ariadne_10
8	1	51	0.002336	Ariadne_3
7	0	51	0.000716	Saline
10	0	51	0.003493	Saline
17	1	51	0.011646	Ariadne_3
22	1	51	0.011558	Ariadne_3
15	2	51	0.018854	Ariadne_10
4	0	51	0.000318	Saline
12	2	51	0.001665	Ariadne_10
11	1	51	0.001146	Ariadne_3
2	1	51	0.016231	Ariadne_3
18	2	51	0.000341	Ariadne_10
23	2	51	0.002224	Ariadne_10
20	1	51	0.004128	Ariadne_3
5	1	51	0.001034	Ariadne_3
21	2	51	0.000604	Ariadne_10
13	0	51	0.012430	Saline
1	0	52	0.004082	Saline
6	2	52	0.008281	Ariadne_10
3	2	52	0.003679	Ariadne_10
14	1	52	0.008906	Ariadne_3
16	0	52	0.003481	Saline
19	0	52	0.005306	Saline
9	2	52	0.009143	Ariadne_10
8	1	52	0.003583	Ariadne_3
7	0	52	0.003224	Saline
10	0	52	0.007335	Saline
17	1	52	0.007554	Ariadne_3
22	1	52	0.010273	Ariadne_3
15	2	52	0.007730	Ariadne_10
4	0	52	0.003177	Saline
12	2	52	0.006328	Ariadne_10
11	1	52	0.007734	Ariadne_3
2	1	52	0.013433	Ariadne_3
18	2	52	0.003066	Ariadne_10
23	2	52	0.007944	Ariadne_10
20	1	52	0.013356	Ariadne_3
5	1	52	0.003618	Ariadne_3
21	2	52	0.001408	Ariadne_10
13	0	52	0.001470	Saline
1	0	53	0.005651	Saline
6	2	53	0.013495	Ariadne_10
3	2	53	0.000708	Ariadne_10
14	1	53	0.008750	Ariadne_3
16	0	53	0.001616	Saline
19	0	53	0.012783	Saline
9	2	53	0.004741	Ariadne_10
8	1	53	0.002960	Ariadne_3
7	0	53	0.004836	Saline
10	0	53	0.005239	Saline
17	1	53	0.008499	Ariadne_3
22	1	53	0.008255	Ariadne_3
15	2	53	0.002640	Ariadne_10
4	0	53	0.003812	Saline
12	2	53	0.006661	Ariadne_10
11	1	53	0.006302	Ariadne_3
2	1	53	0.006530	Ariadne_3
18	2	53	0.002044	Ariadne_10
23	2	53	0.008738	Ariadne_10
20	1	53	0.011413	Ariadne_3
5	1	53	0.006375	Ariadne_3
21	2	53	0.003822	Ariadne_10
13	0	53	0.001470	Saline
1	0	54	0.006593	Saline
6	2	54	0.000000	Ariadne_10
3	2	54	0.000000	Ariadne_10
14	1	54	0.000000	Ariadne_3
16	0	54	0.003605	Saline
19	0	54	0.000000	Saline
9	2	54	0.113783	Ariadne_10
8	1	54	0.000000	Ariadne_3
7	0	54	0.000000	Saline
10	0	54	0.000000	Saline
17	1	54	0.001416	Ariadne_3
22	1	54	0.000183	Ariadne_3
15	2	54	0.000000	Ariadne_10
4	0	54	0.000000	Saline
12	2	54	0.000000	Ariadne_10
11	1	54	0.000000	Ariadne_3
2	1	54	0.000746	Ariadne_3
18	2	54	0.000000	Ariadne_10
23	2	54	0.000318	Ariadne_10
20	1	54	0.000000	Ariadne_3
5	1	54	0.000000	Ariadne_3
21	2	54	0.000000	Ariadne_10
13	0	54	0.000000	Saline
1	0	55	0.013344	Saline
6	2	55	0.005981	Ariadne_10
3	2	55	0.009056	Ariadne_10
14	1	55	0.004688	Ariadne_3
16	0	55	0.001989	Saline
19	0	55	0.003377	Saline
9	2	55	0.000000	Ariadne_10
8	1	55	0.002648	Ariadne_3
7	0	55	0.006448	Saline
10	0	55	0.001746	Saline
17	1	55	0.004249	Ariadne_3
22	1	55	0.004586	Ariadne_3
15	2	55	0.002074	Ariadne_10
4	0	55	0.005718	Saline
12	2	55	0.016486	Ariadne_10
11	1	55	0.002005	Ariadne_3
2	1	55	0.002052	Ariadne_3
18	2	55	0.001022	Ariadne_10
23	2	55	0.012869	Ariadne_10
20	1	55	0.003643	Ariadne_3
5	1	55	0.005341	Ariadne_3
21	2	55	0.003420	Ariadne_10
13	0	55	0.002539	Saline
1	0	56	0.000000	Saline
6	2	56	0.001534	Ariadne_10
3	2	56	0.000991	Ariadne_10
14	1	56	0.008750	Ariadne_3
16	0	56	0.000249	Saline
19	0	56	0.000482	Saline
9	2	56	0.000339	Ariadne_10
8	1	56	0.004050	Ariadne_3
7	0	56	0.001970	Saline
10	0	56	0.009431	Saline
17	1	56	0.000315	Ariadne_3
22	1	56	0.011924	Ariadne_3
15	2	56	0.013198	Ariadne_10
4	0	56	0.000159	Saline
12	2	56	0.000500	Ariadne_10
11	1	56	0.003724	Ariadne_3
2	1	56	0.001306	Ariadne_3
18	2	56	0.027598	Ariadne_10
23	2	56	0.000636	Ariadne_10
20	1	56	0.000971	Ariadne_3
5	1	56	0.010338	Ariadne_3
21	2	56	0.041038	Ariadne_10
13	0	56	0.000000	Saline
1	0	57	0.000628	Saline
6	2	57	0.003067	Ariadne_10
3	2	57	0.015424	Ariadne_10
14	1	57	0.003906	Ariadne_3
16	0	57	0.007956	Saline
19	0	57	0.008442	Saline
9	2	57	0.001016	Ariadne_10
8	1	57	0.006698	Ariadne_3
7	0	57	0.007344	Saline
10	0	57	0.003842	Saline
17	1	57	0.000944	Ariadne_3
22	1	57	0.002568	Ariadne_3
15	2	57	0.003017	Ariadne_10
4	0	57	0.003018	Saline
12	2	57	0.004330	Ariadne_10
11	1	57	0.000000	Ariadne_3
2	1	57	0.007463	Ariadne_3
18	2	57	0.005111	Ariadne_10
23	2	57	0.010804	Ariadne_10
20	1	57	0.000971	Ariadne_3
5	1	57	0.007409	Ariadne_3
21	2	57	0.002012	Ariadne_10
13	0	57	0.002539	Saline
1	0	58	0.005965	Saline
6	2	58	0.003220	Ariadne_10
3	2	58	0.006226	Ariadne_10
14	1	58	0.003750	Ariadne_3
16	0	58	0.004973	Saline
19	0	58	0.007959	Saline
9	2	58	0.001524	Ariadne_10
8	1	58	0.005296	Ariadne_3
7	0	58	0.004478	Saline
10	0	58	0.001048	Saline
17	1	58	0.003305	Ariadne_3
22	1	58	0.003302	Ariadne_3
15	2	58	0.003394	Ariadne_10
4	0	58	0.004288	Saline
12	2	58	0.014654	Ariadne_10
11	1	58	0.004583	Ariadne_3
2	1	58	0.002612	Ariadne_3
18	2	58	0.010562	Ariadne_10
23	2	58	0.003813	Ariadne_10
20	1	58	0.003885	Ariadne_3
5	1	58	0.005686	Ariadne_3
21	2	58	0.006035	Ariadne_10
13	0	58	0.001871	Saline
1	0	59	0.000314	Saline
6	2	59	0.001687	Ariadne_10
3	2	59	0.011603	Ariadne_10
14	1	59	0.010625	Ariadne_3
16	0	59	0.001616	Saline
19	0	59	0.001447	Saline
9	2	59	0.000000	Ariadne_10
8	1	59	0.013551	Ariadne_3
7	0	59	0.011463	Saline
10	0	59	0.005763	Saline
17	1	59	0.000787	Ariadne_3
22	1	59	0.001284	Ariadne_3
15	2	59	0.007919	Ariadne_10
4	0	59	0.002382	Saline
12	2	59	0.001332	Ariadne_10
11	1	59	0.004297	Ariadne_3
2	1	59	0.005224	Ariadne_3
18	2	59	0.019080	Ariadne_10
23	2	59	0.004925	Ariadne_10
20	1	59	0.002671	Ariadne_3
5	1	59	0.003274	Ariadne_3
21	2	59	0.001811	Ariadne_10
13	0	59	0.000401	Saline
1	0	60	0.010832	Saline
6	2	60	0.006901	Ariadne_10
3	2	60	0.004811	Ariadne_10
14	1	60	0.003281	Ariadne_3
16	0	60	0.017653	Saline
19	0	60	0.000482	Saline
9	2	60	0.004233	Ariadne_10
8	1	60	0.003738	Ariadne_3
7	0	60	0.000896	Saline
10	0	60	0.001572	Saline
17	1	60	0.011961	Ariadne_3
22	1	60	0.005137	Ariadne_3
15	2	60	0.003205	Ariadne_10
4	0	60	0.001429	Saline
12	2	60	0.004330	Ariadne_10
11	1	60	0.001146	Ariadne_3
2	1	60	0.003545	Ariadne_3
18	2	60	0.000000	Ariadne_10
23	2	60	0.002383	Ariadne_10
20	1	60	0.000971	Ariadne_3
5	1	60	0.002068	Ariadne_3
21	2	60	0.000604	Ariadne_10
13	0	60	0.003341	Saline
1	0	61	0.002669	Saline
6	2	61	0.006134	Ariadne_10
3	2	61	0.004387	Ariadne_10
14	1	61	0.001563	Ariadne_3
16	0	61	0.009075	Saline
19	0	61	0.002171	Saline
9	2	61	0.004402	Ariadne_10
8	1	61	0.008567	Ariadne_3
7	0	61	0.007702	Saline
10	0	61	0.000699	Saline
17	1	61	0.006138	Ariadne_3
22	1	61	0.004036	Ariadne_3
15	2	61	0.002828	Ariadne_10
4	0	61	0.004288	Saline
12	2	61	0.004996	Ariadne_10
11	1	61	0.000859	Ariadne_3
2	1	61	0.001493	Ariadne_3
18	2	61	0.002044	Ariadne_10
23	2	61	0.015412	Ariadne_10
20	1	61	0.008499	Ariadne_3
5	1	61	0.001034	Ariadne_3
21	2	61	0.001609	Ariadne_10
13	0	61	0.001203	Saline
1	0	62	0.002512	Saline
6	2	62	0.002147	Ariadne_10
3	2	62	0.001981	Ariadne_10
14	1	62	0.002500	Ariadne_3
16	0	62	0.000870	Saline
19	0	62	0.003859	Saline
9	2	62	0.000169	Ariadne_10
8	1	62	0.005919	Ariadne_3
7	0	62	0.003582	Saline
10	0	62	0.011352	Saline
17	1	62	0.003305	Ariadne_3
22	1	62	0.008806	Ariadne_3
15	2	62	0.005279	Ariadne_10
4	0	62	0.004606	Saline
12	2	62	0.009159	Ariadne_10
11	1	62	0.018619	Ariadne_3
2	1	62	0.002425	Ariadne_3
18	2	62	0.001363	Ariadne_10
23	2	62	0.008262	Ariadne_10
20	1	62	0.006799	Ariadne_3
5	1	62	0.001895	Ariadne_3
21	2	62	0.007846	Ariadne_10
13	0	62	0.001604	Saline
1	0	63	0.000785	Saline
6	2	63	0.006901	Ariadne_10
3	2	63	0.005377	Ariadne_10
14	1	63	0.004063	Ariadne_3
16	0	63	0.008951	Saline
19	0	63	0.009648	Saline
9	2	63	0.000847	Ariadne_10
8	1	63	0.003738	Ariadne_3
7	0	63	0.008777	Saline
10	0	63	0.006986	Saline
17	1	63	0.002518	Ariadne_3
22	1	63	0.004219	Ariadne_3
15	2	63	0.002828	Ariadne_10
4	0	63	0.002859	Saline
12	2	63	0.001998	Ariadne_10
11	1	63	0.000859	Ariadne_3
2	1	63	0.003918	Ariadne_3
18	2	63	0.001363	Ariadne_10
23	2	63	0.005402	Ariadne_10
20	1	63	0.002186	Ariadne_3
5	1	63	0.006547	Ariadne_3
21	2	63	0.003621	Ariadne_10
13	0	63	0.005213	Saline
1	0	64	0.001099	Saline
6	2	64	0.005981	Ariadne_10
3	2	64	0.006509	Ariadne_10
14	1	64	0.007031	Ariadne_3
16	0	64	0.010443	Saline
19	0	64	0.001688	Saline
9	2	64	0.000508	Ariadne_10
8	1	64	0.007477	Ariadne_3
7	0	64	0.008060	Saline
10	0	64	0.003318	Saline
17	1	64	0.002361	Ariadne_3
22	1	64	0.004219	Ariadne_3
15	2	64	0.004525	Ariadne_10
4	0	64	0.003018	Saline
12	2	64	0.000999	Ariadne_10
11	1	64	0.000859	Ariadne_3
2	1	64	0.005784	Ariadne_3
18	2	64	0.000341	Ariadne_10
23	2	64	0.006037	Ariadne_10
20	1	64	0.000729	Ariadne_3
5	1	64	0.006203	Ariadne_3
21	2	64	0.001207	Ariadne_10
13	0	64	0.005613	Saline
1	0	65	0.000157	Saline
6	2	65	0.001227	Ariadne_10
3	2	65	0.006226	Ariadne_10
14	1	65	0.005625	Ariadne_3
16	0	65	0.000124	Saline
19	0	65	0.002412	Saline
9	2	65	0.000000	Ariadne_10
8	1	65	0.003115	Ariadne_3
7	0	65	0.008060	Saline
10	0	65	0.000699	Saline
17	1	65	0.000157	Ariadne_3
22	1	65	0.004403	Ariadne_3
15	2	65	0.010370	Ariadne_10
4	0	65	0.002065	Saline
12	2	65	0.000167	Ariadne_10
11	1	65	0.000859	Ariadne_3
2	1	65	0.000373	Ariadne_3
18	2	65	0.006474	Ariadne_10
23	2	65	0.005720	Ariadne_10
20	1	65	0.000729	Ariadne_3
5	1	65	0.006203	Ariadne_3
21	2	65	0.041843	Ariadne_10
13	0	65	0.000000	Saline
1	0	66	0.000157	Saline
6	2	66	0.002300	Ariadne_10
3	2	66	0.011462	Ariadne_10
14	1	66	0.011250	Ariadne_3
16	0	66	0.000622	Saline
19	0	66	0.000724	Saline
9	2	66	0.000508	Ariadne_10
8	1	66	0.002336	Ariadne_3
7	0	66	0.012001	Saline
10	0	66	0.000349	Saline
17	1	66	0.000315	Ariadne_3
22	1	66	0.001101	Ariadne_3
15	2	66	0.008861	Ariadne_10
4	0	66	0.001112	Saline
12	2	66	0.000500	Ariadne_10
11	1	66	0.000286	Ariadne_3
2	1	66	0.001119	Ariadne_3
18	2	66	0.010221	Ariadne_10
23	2	66	0.005561	Ariadne_10
20	1	66	0.000000	Ariadne_3
5	1	66	0.006720	Ariadne_3
21	2	66	0.016496	Ariadne_10
13	0	66	0.000401	Saline
1	0	67	0.001413	Saline
6	2	67	0.002147	Ariadne_10
3	2	67	0.000000	Ariadne_10
14	1	67	0.000625	Ariadne_3
16	0	67	0.000870	Saline
19	0	67	0.000000	Saline
9	2	67	0.062310	Ariadne_10
8	1	67	0.000156	Ariadne_3
7	0	67	0.000000	Saline
10	0	67	0.000000	Saline
17	1	67	0.002046	Ariadne_3
22	1	67	0.000550	Ariadne_3
15	2	67	0.007730	Ariadne_10
4	0	67	0.000000	Saline
12	2	67	0.000000	Ariadne_10
11	1	67	0.000000	Ariadne_3
2	1	67	0.009328	Ariadne_3
18	2	67	0.000000	Ariadne_10
23	2	67	0.000318	Ariadne_10
20	1	67	0.000000	Ariadne_3
5	1	67	0.000000	Ariadne_3
21	2	67	0.000000	Ariadne_10
13	0	67	0.001470	Saline
1	0	68	0.000000	Saline
6	2	68	0.000613	Ariadne_10
3	2	68	0.000000	Ariadne_10
14	1	68	0.004219	Ariadne_3
16	0	68	0.000000	Saline
19	0	68	0.000000	Saline
9	2	68	0.000000	Ariadne_10
8	1	68	0.004206	Ariadne_3
7	0	68	0.000358	Saline
10	0	68	0.001222	Saline
17	1	68	0.000472	Ariadne_3
22	1	68	0.002752	Ariadne_3
15	2	68	0.003959	Ariadne_10
4	0	68	0.000000	Saline
12	2	68	0.000167	Ariadne_10
11	1	68	0.000000	Ariadne_3
2	1	68	0.000933	Ariadne_3
18	2	68	0.104600	Ariadne_10
23	2	68	0.000953	Ariadne_10
20	1	68	0.000486	Ariadne_3
5	1	68	0.001551	Ariadne_3
21	2	68	0.009254	Ariadne_10
13	0	68	0.000000	Saline
1	0	69	0.000000	Saline
6	2	69	0.008281	Ariadne_10
3	2	69	0.004670	Ariadne_10
14	1	69	0.006719	Ariadne_3
16	0	69	0.007335	Saline
19	0	69	0.003136	Saline
9	2	69	0.000169	Ariadne_10
8	1	69	0.004050	Ariadne_3
7	0	69	0.006090	Saline
10	0	69	0.002794	Saline
17	1	69	0.000000	Ariadne_3
22	1	69	0.003669	Ariadne_3
15	2	69	0.003582	Ariadne_10
4	0	69	0.000000	Saline
12	2	69	0.000500	Ariadne_10
11	1	69	0.000000	Ariadne_3
2	1	69	0.007836	Ariadne_3
18	2	69	0.000341	Ariadne_10
23	2	69	0.002224	Ariadne_10
20	1	69	0.000243	Ariadne_3
5	1	69	0.005858	Ariadne_3
21	2	69	0.001408	Ariadne_10
13	0	69	0.005881	Saline
1	0	70	0.000157	Saline
6	2	70	0.002454	Ariadne_10
3	2	70	0.005377	Ariadne_10
14	1	70	0.004219	Ariadne_3
16	0	70	0.002735	Saline
19	0	70	0.010371	Saline
9	2	70	0.000169	Ariadne_10
8	1	70	0.003271	Ariadne_3
7	0	70	0.009135	Saline
10	0	70	0.005938	Saline
17	1	70	0.000157	Ariadne_3
22	1	70	0.001651	Ariadne_3
15	2	70	0.005090	Ariadne_10
4	0	70	0.002859	Saline
12	2	70	0.004663	Ariadne_10
11	1	70	0.000000	Ariadne_3
2	1	70	0.001679	Ariadne_3
18	2	70	0.001363	Ariadne_10
23	2	70	0.002542	Ariadne_10
20	1	70	0.001214	Ariadne_3
5	1	70	0.004652	Ariadne_3
21	2	70	0.003822	Ariadne_10
13	0	70	0.003609	Saline
1	0	71	0.001570	Saline
6	2	71	0.002300	Ariadne_10
3	2	71	0.005094	Ariadne_10
14	1	71	0.000781	Ariadne_3
16	0	71	0.005221	Saline
19	0	71	0.005306	Saline
9	2	71	0.000677	Ariadne_10
8	1	71	0.006231	Ariadne_3
7	0	71	0.005732	Saline
10	0	71	0.010304	Saline
17	1	71	0.002046	Ariadne_3
22	1	71	0.000367	Ariadne_3
15	2	71	0.004148	Ariadne_10
4	0	71	0.005400	Saline
12	2	71	0.006162	Ariadne_10
11	1	71	0.000286	Ariadne_3
2	1	71	0.002239	Ariadne_3
18	2	71	0.002385	Ariadne_10
23	2	71	0.002065	Ariadne_10
20	1	71	0.004371	Ariadne_3
5	1	71	0.001034	Ariadne_3
21	2	71	0.000201	Ariadne_10
13	0	71	0.001069	Saline
1	0	72	0.002198	Saline
6	2	72	0.000920	Ariadne_10
3	2	72	0.007924	Ariadne_10
14	1	72	0.001250	Ariadne_3
16	0	72	0.001119	Saline
19	0	72	0.014231	Saline
9	2	72	0.002540	Ariadne_10
8	1	72	0.004050	Ariadne_3
7	0	72	0.007702	Saline
10	0	72	0.003318	Saline
17	1	72	0.000944	Ariadne_3
22	1	72	0.000550	Ariadne_3
15	2	72	0.000943	Ariadne_10
4	0	72	0.009212	Saline
12	2	72	0.006828	Ariadne_10
11	1	72	0.001719	Ariadne_3
2	1	72	0.002612	Ariadne_3
18	2	72	0.000341	Ariadne_10
23	2	72	0.000318	Ariadne_10
20	1	72	0.004371	Ariadne_3
5	1	72	0.000861	Ariadne_3
21	2	72	0.000201	Ariadne_10
13	0	72	0.000535	Saline
1	0	73	0.000314	Saline
6	2	73	0.001227	Ariadne_10
3	2	73	0.000283	Ariadne_10
14	1	73	0.002813	Ariadne_3
16	0	73	0.000497	Saline
19	0	73	0.000241	Saline
9	2	73	0.000000	Ariadne_10
8	1	73	0.006698	Ariadne_3
7	0	73	0.004657	Saline
10	0	73	0.011002	Saline
17	1	73	0.000000	Ariadne_3
22	1	73	0.005320	Ariadne_3
15	2	73	0.006787	Ariadne_10
4	0	73	0.000000	Saline
12	2	73	0.000167	Ariadne_10
11	1	73	0.001146	Ariadne_3
2	1	73	0.000933	Ariadne_3
18	2	73	0.006814	Ariadne_10
23	2	73	0.000159	Ariadne_10
20	1	73	0.000000	Ariadne_3
5	1	73	0.008098	Ariadne_3
21	2	73	0.019111	Ariadne_10
13	0	73	0.000000	Saline
1	0	74	0.000314	Saline
6	2	74	0.000460	Ariadne_10
3	2	74	0.002972	Ariadne_10
14	1	74	0.000469	Ariadne_3
16	0	74	0.004724	Saline
19	0	74	0.002653	Saline
9	2	74	0.001863	Ariadne_10
8	1	74	0.006386	Ariadne_3
7	0	74	0.001970	Saline
10	0	74	0.004191	Saline
17	1	74	0.001889	Ariadne_3
22	1	74	0.000917	Ariadne_3
15	2	74	0.001131	Ariadne_10
4	0	74	0.009371	Saline
12	2	74	0.009992	Ariadne_10
11	1	74	0.000000	Ariadne_3
2	1	74	0.002799	Ariadne_3
18	2	74	0.001704	Ariadne_10
23	2	74	0.005561	Ariadne_10
20	1	74	0.003157	Ariadne_3
5	1	74	0.000172	Ariadne_3
21	2	74	0.000604	Ariadne_10
13	0	74	0.000000	Saline
1	0	75	0.000471	Saline
6	2	75	0.000920	Ariadne_10
3	2	75	0.001132	Ariadne_10
14	1	75	0.000313	Ariadne_3
16	0	75	0.000373	Saline
19	0	75	0.000724	Saline
9	2	75	0.000000	Ariadne_10
8	1	75	0.012617	Ariadne_3
7	0	75	0.014150	Saline
10	0	75	0.002969	Saline
17	1	75	0.000157	Ariadne_3
22	1	75	0.000550	Ariadne_3
15	2	75	0.014706	Ariadne_10
4	0	75	0.000953	Saline
12	2	75	0.000500	Ariadne_10
11	1	75	0.003437	Ariadne_3
2	1	75	0.002052	Ariadne_3
18	2	75	0.004089	Ariadne_10
23	2	75	0.000636	Ariadne_10
20	1	75	0.000243	Ariadne_3
5	1	75	0.001206	Ariadne_3
21	2	75	0.000201	Ariadne_10
13	0	75	0.000000	Saline
1	0	76	0.000314	Saline
6	2	76	0.001073	Ariadne_10
3	2	76	0.005943	Ariadne_10
14	1	76	0.002813	Ariadne_3
16	0	76	0.001492	Saline
19	0	76	0.008442	Saline
9	2	76	0.000169	Ariadne_10
8	1	76	0.003894	Ariadne_3
7	0	76	0.004299	Saline
10	0	76	0.002096	Saline
17	1	76	0.000315	Ariadne_3
22	1	76	0.002568	Ariadne_3
15	2	76	0.001131	Ariadne_10
4	0	76	0.003018	Saline
12	2	76	0.001499	Ariadne_10
11	1	76	0.000000	Ariadne_3
2	1	76	0.002052	Ariadne_3
18	2	76	0.000000	Ariadne_10
23	2	76	0.005243	Ariadne_10
20	1	76	0.000729	Ariadne_3
5	1	76	0.006375	Ariadne_3
21	2	76	0.003018	Ariadne_10
13	0	76	0.000668	Saline
1	0	77	0.001727	Saline
6	2	77	0.001380	Ariadne_10
3	2	77	0.002972	Ariadne_10
14	1	77	0.001563	Ariadne_3
16	0	77	0.000746	Saline
19	0	77	0.001930	Saline
9	2	77	0.000677	Ariadne_10
8	1	77	0.002336	Ariadne_3
7	0	77	0.000000	Saline
10	0	77	0.002445	Saline
17	1	77	0.001731	Ariadne_3
22	1	77	0.002568	Ariadne_3
15	2	77	0.003582	Ariadne_10
4	0	77	0.002224	Saline
12	2	77	0.005162	Ariadne_10
11	1	77	0.005443	Ariadne_3
2	1	77	0.000000	Ariadne_3
18	2	77	0.002385	Ariadne_10
23	2	77	0.005243	Ariadne_10
20	1	77	0.001943	Ariadne_3
5	1	77	0.000517	Ariadne_3
21	2	77	0.007242	Ariadne_10
13	0	77	0.002272	Saline
1	0	78	0.000471	Saline
6	2	78	0.000000	Ariadne_10
3	2	78	0.000849	Ariadne_10
14	1	78	0.000000	Ariadne_3
16	0	78	0.000000	Saline
19	0	78	0.001447	Saline
9	2	78	0.000000	Ariadne_10
8	1	78	0.001558	Ariadne_3
7	0	78	0.000537	Saline
10	0	78	0.002794	Saline
17	1	78	0.000315	Ariadne_3
22	1	78	0.000917	Ariadne_3
15	2	78	0.000377	Ariadne_10
4	0	78	0.001588	Saline
12	2	78	0.015154	Ariadne_10
11	1	78	0.023203	Ariadne_3
2	1	78	0.000560	Ariadne_3
18	2	78	0.008177	Ariadne_10
23	2	78	0.002542	Ariadne_10
20	1	78	0.003885	Ariadne_3
5	1	78	0.000689	Ariadne_3
21	2	78	0.001207	Ariadne_10
13	0	78	0.000000	Saline
1	0	79	0.000000	Saline
6	2	79	0.000000	Ariadne_10
3	2	79	0.000000	Ariadne_10
14	1	79	0.000000	Ariadne_3
16	0	79	0.000000	Saline
19	0	79	0.000000	Saline
9	2	79	0.000000	Ariadne_10
8	1	79	0.000000	Ariadne_3
7	0	79	0.000000	Saline
10	0	79	0.000000	Saline
17	1	79	0.000000	Ariadne_3
22	1	79	0.001835	Ariadne_3
15	2	79	0.000754	Ariadne_10
4	0	79	0.000000	Saline
12	2	79	0.000000	Ariadne_10
11	1	79	0.000000	Ariadne_3
2	1	79	0.000000	Ariadne_3
18	2	79	0.096763	Ariadne_10
23	2	79	0.000159	Ariadne_10
20	1	79	0.000000	Ariadne_3
5	1	79	0.000172	Ariadne_3
21	2	79	0.000201	Ariadne_10
13	0	79	0.000000	Saline
1	0	80	0.000314	Saline
6	2	80	0.000307	Ariadne_10
3	2	80	0.002830	Ariadne_10
14	1	80	0.008438	Ariadne_3
16	0	80	0.000000	Saline
19	0	80	0.000241	Saline
9	2	80	0.000169	Ariadne_10
8	1	80	0.000623	Ariadne_3
7	0	80	0.001970	Saline
10	0	80	0.001397	Saline
17	1	80	0.000472	Ariadne_3
22	1	80	0.000183	Ariadne_3
15	2	80	0.013575	Ariadne_10
4	0	80	0.000159	Saline
12	2	80	0.000333	Ariadne_10
11	1	80	0.000286	Ariadne_3
2	1	80	0.001119	Ariadne_3
18	2	80	0.005451	Ariadne_10
23	2	80	0.004608	Ariadne_10
20	1	80	0.000486	Ariadne_3
5	1	80	0.002757	Ariadne_3
21	2	80	0.005432	Ariadne_10
13	0	80	0.000267	Saline
1	0	81	0.000785	Saline
6	2	81	0.000460	Ariadne_10
3	2	81	0.004387	Ariadne_10
14	1	81	0.001094	Ariadne_3
16	0	81	0.001740	Saline
19	0	81	0.006995	Saline
9	2	81	0.004572	Ariadne_10
8	1	81	0.001869	Ariadne_3
7	0	81	0.004478	Saline
10	0	81	0.001572	Saline
17	1	81	0.000944	Ariadne_3
22	1	81	0.000183	Ariadne_3
15	2	81	0.000566	Ariadne_10
4	0	81	0.005400	Saline
12	2	81	0.001832	Ariadne_10
11	1	81	0.001432	Ariadne_3
2	1	81	0.004291	Ariadne_3
18	2	81	0.000000	Ariadne_10
23	2	81	0.001589	Ariadne_10
20	1	81	0.001700	Ariadne_3
5	1	81	0.000345	Ariadne_3
21	2	81	0.000201	Ariadne_10
13	0	81	0.000535	Saline
1	0	82	0.001256	Saline
6	2	82	0.000000	Ariadne_10
3	2	82	0.000000	Ariadne_10
14	1	82	0.000000	Ariadne_3
16	0	82	0.000124	Saline
19	0	82	0.000000	Saline
9	2	82	0.043684	Ariadne_10
8	1	82	0.000000	Ariadne_3
7	0	82	0.000000	Saline
10	0	82	0.000000	Saline
17	1	82	0.000000	Ariadne_3
22	1	82	0.000000	Ariadne_3
15	2	82	0.000000	Ariadne_10
4	0	82	0.000000	Saline
12	2	82	0.000000	Ariadne_10
11	1	82	0.000000	Ariadne_3
2	1	82	0.000000	Ariadne_3
18	2	82	0.000000	Ariadne_10
23	2	82	0.000000	Ariadne_10
20	1	82	0.000000	Ariadne_3
5	1	82	0.000000	Ariadne_3
21	2	82	0.000000	Ariadne_10
13	0	82	0.000000	Saline
1	0	83	0.000157	Saline
6	2	83	0.000153	Ariadne_10
3	2	83	0.002830	Ariadne_10
14	1	83	0.001875	Ariadne_3
16	0	83	0.000124	Saline
19	0	83	0.000482	Saline
9	2	83	0.000000	Ariadne_10
8	1	83	0.011215	Ariadne_3
7	0	83	0.006985	Saline
10	0	83	0.002969	Saline
17	1	83	0.000000	Ariadne_3
22	1	83	0.000367	Ariadne_3
15	2	83	0.005468	Ariadne_10
4	0	83	0.000000	Saline
12	2	83	0.000833	Ariadne_10
11	1	83	0.000000	Ariadne_3
2	1	83	0.002799	Ariadne_3
18	2	83	0.007155	Ariadne_10
23	2	83	0.001112	Ariadne_10
20	1	83	0.000000	Ariadne_3
5	1	83	0.001034	Ariadne_3
21	2	83	0.001609	Ariadne_10
13	0	83	0.000267	Saline
1	0	84	0.000314	Saline
6	2	84	0.000153	Ariadne_10
3	2	84	0.000566	Ariadne_10
14	1	84	0.000313	Ariadne_3
16	0	84	0.000124	Saline
19	0	84	0.000241	Saline
9	2	84	0.000000	Ariadne_10
8	1	84	0.004984	Ariadne_3
7	0	84	0.015404	Saline
10	0	84	0.000699	Saline
17	1	84	0.000000	Ariadne_3
22	1	84	0.000183	Ariadne_3
15	2	84	0.007919	Ariadne_10
4	0	84	0.000318	Saline
12	2	84	0.000167	Ariadne_10
11	1	84	0.000000	Ariadne_3
2	1	84	0.001866	Ariadne_3
18	2	84	0.002044	Ariadne_10
23	2	84	0.000318	Ariadne_10
20	1	84	0.000000	Ariadne_3
5	1	84	0.001034	Ariadne_3
21	2	84	0.000201	Ariadne_10
13	0	84	0.000000	Saline
1	0	85	0.000000	Saline
6	2	85	0.001227	Ariadne_10
3	2	85	0.000142	Ariadne_10
14	1	85	0.020313	Ariadne_3
16	0	85	0.000000	Saline
19	0	85	0.000241	Saline
9	2	85	0.000169	Ariadne_10
8	1	85	0.000156	Ariadne_3
7	0	85	0.000000	Saline
10	0	85	0.000000	Saline
17	1	85	0.000472	Ariadne_3
22	1	85	0.000550	Ariadne_3
15	2	85	0.000189	Ariadne_10
4	0	85	0.000000	Saline
12	2	85	0.000000	Ariadne_10
11	1	85	0.000000	Ariadne_3
2	1	85	0.000000	Ariadne_3
18	2	85	0.000000	Ariadne_10
23	2	85	0.000636	Ariadne_10
20	1	85	0.000486	Ariadne_3
5	1	85	0.002068	Ariadne_3
21	2	85	0.004627	Ariadne_10
13	0	85	0.000000	Saline
1	0	86	0.000000	Saline
6	2	86	0.000000	Ariadne_10
3	2	86	0.000000	Ariadne_10
14	1	86	0.000000	Ariadne_3
16	0	86	0.000000	Saline
19	0	86	0.018813	Saline
9	2	86	0.000000	Ariadne_10
8	1	86	0.000000	Ariadne_3
7	0	86	0.000000	Saline
10	0	86	0.000000	Saline
17	1	86	0.000000	Ariadne_3
22	1	86	0.000000	Ariadne_3
15	2	86	0.000000	Ariadne_10
4	0	86	0.000000	Saline
12	2	86	0.000000	Ariadne_10
11	1	86	0.010312	Ariadne_3
2	1	86	0.000000	Ariadne_3
18	2	86	0.012266	Ariadne_10
23	2	86	0.000000	Ariadne_10
20	1	86	0.006557	Ariadne_3
5	1	86	0.000000	Ariadne_3
21	2	86	0.000000	Ariadne_10
13	0	86	0.000000	Saline
1	0	87	0.000000	Saline
6	2	87	0.000613	Ariadne_10
3	2	87	0.003113	Ariadne_10
14	1	87	0.005000	Ariadne_3
16	0	87	0.000249	Saline
19	0	87	0.000241	Saline
9	2	87	0.000000	Ariadne_10
8	1	87	0.000156	Ariadne_3
7	0	87	0.000896	Saline
10	0	87	0.000873	Saline
17	1	87	0.000000	Ariadne_3
22	1	87	0.000183	Ariadne_3
15	2	87	0.000943	Ariadne_10
4	0	87	0.000000	Saline
12	2	87	0.000167	Ariadne_10
11	1	87	0.000286	Ariadne_3
2	1	87	0.000187	Ariadne_3
18	2	87	0.001363	Ariadne_10
23	2	87	0.000953	Ariadne_10
20	1	87	0.000000	Ariadne_3
5	1	87	0.000861	Ariadne_3
21	2	87	0.002615	Ariadne_10
13	0	87	0.000267	Saline
1	0	88	0.000000	Saline
6	2	88	0.001534	Ariadne_10
3	2	88	0.001274	Ariadne_10
14	1	88	0.001563	Ariadne_3
16	0	88	0.000124	Saline
19	0	88	0.000724	Saline
9	2	88	0.000169	Ariadne_10
8	1	88	0.001090	Ariadne_3
7	0	88	0.001791	Saline
10	0	88	0.001048	Saline
17	1	88	0.000472	Ariadne_3
22	1	88	0.000183	Ariadne_3
15	2	88	0.000754	Ariadne_10
4	0	88	0.000000	Saline
12	2	88	0.000999	Ariadne_10
11	1	88	0.000000	Ariadne_3
2	1	88	0.001679	Ariadne_3
18	2	88	0.001704	Ariadne_10
23	2	88	0.000477	Ariadne_10
20	1	88	0.000000	Ariadne_3
5	1	88	0.002240	Ariadne_3
21	2	88	0.000402	Ariadne_10
13	0	88	0.000000	Saline
1	0	89	0.000000	Saline
6	2	89	0.000613	Ariadne_10
3	2	89	0.000283	Ariadne_10
14	1	89	0.000000	Ariadne_3
16	0	89	0.000000	Saline
19	0	89	0.000000	Saline
9	2	89	0.000000	Ariadne_10
8	1	89	0.003738	Ariadne_3
7	0	89	0.006090	Saline
10	0	89	0.000000	Saline
17	1	89	0.000157	Ariadne_3
22	1	89	0.000000	Ariadne_3
15	2	89	0.000377	Ariadne_10
4	0	89	0.000159	Saline
12	2	89	0.000500	Ariadne_10
11	1	89	0.000000	Ariadne_3
2	1	89	0.000373	Ariadne_3
18	2	89	0.003407	Ariadne_10
23	2	89	0.000000	Ariadne_10
20	1	89	0.000000	Ariadne_3
5	1	89	0.000689	Ariadne_3
21	2	89	0.000000	Ariadne_10
13	0	89	0.000000	Saline
1	0	90	0.000000	Saline
6	2	90	0.001073	Ariadne_10
3	2	90	0.000000	Ariadne_10
14	1	90	0.002188	Ariadne_3
16	0	90	0.001367	Saline
19	0	90	0.000000	Saline
9	2	90	0.000000	Ariadne_10
8	1	90	0.000935	Ariadne_3
7	0	90	0.000358	Saline
10	0	90	0.000175	Saline
17	1	90	0.000000	Ariadne_3
22	1	90	0.000550	Ariadne_3
15	2	90	0.000566	Ariadne_10
4	0	90	0.000000	Saline
12	2	90	0.000000	Ariadne_10
11	1	90	0.000000	Ariadne_3
2	1	90	0.001306	Ariadne_3
18	2	90	0.000000	Ariadne_10
23	2	90	0.000953	Ariadne_10
20	1	90	0.000000	Ariadne_3
5	1	90	0.000517	Ariadne_3
21	2	90	0.000000	Ariadne_10
13	0	90	0.001604	Saline
1	0	91	0.000000	Saline
6	2	91	0.000000	Ariadne_10
3	2	91	0.000142	Ariadne_10
14	1	91	0.000000	Ariadne_3
16	0	91	0.000000	Saline
19	0	91	0.000000	Saline
9	2	91	0.000000	Ariadne_10
8	1	91	0.001713	Ariadne_3
7	0	91	0.007344	Saline
10	0	91	0.000000	Saline
17	1	91	0.000000	Ariadne_3
22	1	91	0.000000	Ariadne_3
15	2	91	0.000189	Ariadne_10
4	0	91	0.000000	Saline
12	2	91	0.000167	Ariadne_10
11	1	91	0.000000	Ariadne_3
2	1	91	0.000746	Ariadne_3
18	2	91	0.001704	Ariadne_10
23	2	91	0.000000	Ariadne_10
20	1	91	0.000000	Ariadne_3
5	1	91	0.000000	Ariadne_3
21	2	91	0.000000	Ariadne_10
13	0	91	0.000000	Saline
1	0	92	0.000000	Saline
6	2	92	0.000000	Ariadne_10
3	2	92	0.000000	Ariadne_10
14	1	92	0.000156	Ariadne_3
16	0	92	0.000000	Saline
19	0	92	0.000000	Saline
9	2	92	0.000000	Ariadne_10
8	1	92	0.000623	Ariadne_3
7	0	92	0.004836	Saline
10	0	92	0.000349	Saline
17	1	92	0.000000	Ariadne_3
22	1	92	0.000000	Ariadne_3
15	2	92	0.000377	Ariadne_10
4	0	92	0.000159	Saline
12	2	92	0.000000	Ariadne_10
11	1	92	0.000000	Ariadne_3
2	1	92	0.000000	Ariadne_3
18	2	92	0.000000	Ariadne_10
23	2	92	0.000000	Ariadne_10
20	1	92	0.000000	Ariadne_3
5	1	92	0.000172	Ariadne_3
21	2	92	0.000000	Ariadne_10
13	0	92	0.000000	Saline
1	0	93	0.000157	Saline
6	2	93	0.000000	Ariadne_10
3	2	93	0.000000	Ariadne_10
14	1	93	0.000000	Ariadne_3
16	0	93	0.000249	Saline
19	0	93	0.000000	Saline
9	2	93	0.000169	Ariadne_10
8	1	93	0.000000	Ariadne_3
7	0	93	0.000000	Saline
10	0	93	0.000000	Saline
17	1	93	0.000000	Ariadne_3
22	1	93	0.000000	Ariadne_3
15	2	93	0.000000	Ariadne_10
4	0	93	0.000000	Saline
12	2	93	0.000000	Ariadne_10
11	1	93	0.000000	Ariadne_3
2	1	93	0.000000	Ariadne_3
18	2	93	0.000000	Ariadne_10
23	2	93	0.000000	Ariadne_10
20	1	93	0.000000	Ariadne_3
5	1	93	0.000000	Ariadne_3
21	2	93	0.000000	Ariadne_10
13	0	93	0.000000	Saline
1	0	94	0.000000	Saline
6	2	94	0.000000	Ariadne_10
3	2	94	0.000000	Ariadne_10
14	1	94	0.000000	Ariadne_3
16	0	94	0.000000	Saline
19	0	94	0.000000	Saline
9	2	94	0.000000	Ariadne_10
8	1	94	0.000000	Ariadne_3
7	0	94	0.000000	Saline
10	0	94	0.000000	Saline
17	1	94	0.000157	Ariadne_3
22	1	94	0.000183	Ariadne_3
15	2	94	0.000000	Ariadne_10
4	0	94	0.000000	Saline
12	2	94	0.000000	Ariadne_10
11	1	94	0.000000	Ariadne_3
2	1	94	0.000000	Ariadne_3
18	2	94	0.000000	Ariadne_10
23	2	94	0.000318	Ariadne_10
20	1	94	0.000000	Ariadne_3
5	1	94	0.000000	Ariadne_3
21	2	94	0.000000	Ariadne_10
13	0	94	0.000000	Saline
1	0	95	0.000000	Saline
6	2	95	0.000000	Ariadne_10
3	2	95	0.000000	Ariadne_10
14	1	95	0.000156	Ariadne_3
16	0	95	0.000000	Saline
19	0	95	0.000000	Saline
9	2	95	0.000000	Ariadne_10
8	1	95	0.000000	Ariadne_3
7	0	95	0.000000	Saline
10	0	95	0.000000	Saline
17	1	95	0.000000	Ariadne_3
22	1	95	0.000000	Ariadne_3
15	2	95	0.000000	Ariadne_10
4	0	95	0.000000	Saline
12	2	95	0.000000	Ariadne_10
11	1	95	0.000000	Ariadne_3
2	1	95	0.000000	Ariadne_3
18	2	95	0.000000	Ariadne_10
23	2	95	0.000318	Ariadne_10
20	1	95	0.000000	Ariadne_3
5	1	95	0.000172	Ariadne_3
21	2	95	0.000000	Ariadne_10
13	0	95	0.000000	Saline
1	0	96	0.000157	Saline
6	2	96	0.000000	Ariadne_10
3	2	96	0.000142	Ariadne_10
14	1	96	0.000156	Ariadne_3
16	0	96	0.000124	Saline
19	0	96	0.000000	Saline
9	2	96	0.000000	Ariadne_10
8	1	96	0.000000	Ariadne_3
7	0	96	0.000000	Saline
10	0	96	0.000000	Saline
17	1	96	0.000000	Ariadne_3
22	1	96	0.000000	Ariadne_3
15	2	96	0.000000	Ariadne_10
4	0	96	0.000000	Saline
12	2	96	0.000000	Ariadne_10
11	1	96	0.000000	Ariadne_3
2	1	96	0.000000	Ariadne_3
18	2	96	0.000000	Ariadne_10
23	2	96	0.000000	Ariadne_10
20	1	96	0.000000	Ariadne_3
5	1	96	0.000000	Ariadne_3
21	2	96	0.000000	Ariadne_10
13	0	96	0.000000	Saline
1	0	97	0.000000	Saline
6	2	97	0.000000	Ariadne_10
3	2	97	0.000000	Ariadne_10
14	1	97	0.000000	Ariadne_3
16	0	97	0.000000	Saline
19	0	97	0.000000	Saline
9	2	97	0.000000	Ariadne_10
8	1	97	0.000000	Ariadne_3
7	0	97	0.000000	Saline
10	0	97	0.000699	Saline
17	1	97	0.000000	Ariadne_3
22	1	97	0.000000	Ariadne_3
15	2	97	0.000000	Ariadne_10
4	0	97	0.000000	Saline
12	2	97	0.000000	Ariadne_10
11	1	97	0.000000	Ariadne_3
2	1	97	0.000000	Ariadne_3
18	2	97	0.000000	Ariadne_10
23	2	97	0.000000	Ariadne_10
20	1	97	0.000000	Ariadne_3
5	1	97	0.000000	Ariadne_3
21	2	97	0.000000	Ariadne_10
13	0	97	0.000000	Saline
1	0	98	0.000157	Saline
6	2	98	0.000000	Ariadne_10
3	2	98	0.000000	Ariadne_10
14	1	98	0.000000	Ariadne_3
16	0	98	0.000124	Saline
19	0	98	0.000000	Saline
9	2	98	0.000000	Ariadne_10
8	1	98	0.000000	Ariadne_3
7	0	98	0.000000	Saline
10	0	98	0.000000	Saline
17	1	98	0.000000	Ariadne_3
22	1	98	0.000000	Ariadne_3
15	2	98	0.000000	Ariadne_10
4	0	98	0.000159	Saline
12	2	98	0.000000	Ariadne_10
11	1	98	0.000000	Ariadne_3
2	1	98	0.000000	Ariadne_3
18	2	98	0.000000	Ariadne_10
23	2	98	0.000000	Ariadne_10
20	1	98	0.000000	Ariadne_3
5	1	98	0.000000	Ariadne_3
21	2	98	0.000000	Ariadne_10
13	0	98	0.000000	Saline
1	0	99	0.000000	Saline
6	2	99	0.000000	Ariadne_10
3	2	99	0.000000	Ariadne_10
14	1	99	0.000000	Ariadne_3
16	0	99	0.000000	Saline
19	0	99	0.000000	Saline
9	2	99	0.000000	Ariadne_10
8	1	99	0.000000	Ariadne_3
7	0	99	0.000179	Saline
10	0	99	0.000000	Saline
17	1	99	0.000000	Ariadne_3
22	1	99	0.000000	Ariadne_3
15	2	99	0.000000	Ariadne_10
4	0	99	0.000000	Saline
12	2	99	0.000000	Ariadne_10
11	1	99	0.000000	Ariadne_3
2	1	99	0.000000	Ariadne_3
18	2	99	0.000000	Ariadne_10
23	2	99	0.000000	Ariadne_10
20	1	99	0.000000	Ariadne_3
5	1	99	0.000000	Ariadne_3
21	2	99	0.000000	Ariadne_10
13	0	99	0.000000	Saline
