subject	group	syllable	usage	treat
22	0	0	0.063633	Saline
23	1	0	0.061605	LSD_0.1
16	0	0	0.067442	Saline
18	2	0	0.057773	LSD_0.3
24	2	0	0.060500	LSD_0.3
19	0	0	0.056844	Saline
17	1	0	0.074482	LSD_0.1
13	0	0	0.049420	Saline
3	2	0	0.057363	LSD_0.3
20	1	0	0.064590	LSD_0.1
21	2	0	0.051334	LSD_0.3
2	1	0	0.044572	LSD_0.1
10	0	0	0.090483	Saline
4	0	0	0.063308	Saline
8	1	0	0.068545	LSD_0.1
9	2	0	0.061861	LSD_0.3
15	2	0	0.050325	LSD_0.3
1	0	0	0.050471	Saline
14	1	0	0.082050	LSD_0.1
7	0	0	0.074248	Saline
12	2	0	0.049726	LSD_0.3
11	1	0	0.034575	LSD_0.1
5	1	0	0.082822	LSD_0.1
6	2	0	0.084124	LSD_0.3
22	0	1	0.061705	Saline
23	1	1	0.010323	LSD_0.1
16	0	1	0.078029	Saline
18	2	1	0.023875	LSD_0.3
24	2	1	0.024500	LSD_0.3
19	0	1	0.035932	Saline
17	1	1	0.069462	LSD_0.1
13	0	1	0.068131	Saline
3	2	1	0.023914	LSD_0.3
20	1	1	0.040907	LSD_0.1
21	2	1	0.045743	LSD_0.3
2	1	1	0.006753	LSD_0.1
10	0	1	0.031023	Saline
4	0	1	0.014415	Saline
8	1	1	0.019802	LSD_0.1
9	2	1	0.082953	LSD_0.3
15	2	1	0.007261	LSD_0.3
1	0	1	0.081675	Saline
14	1	1	0.072969	LSD_0.1
7	0	1	0.012326	Saline
12	2	1	0.010978	LSD_0.3
11	1	1	0.005554	LSD_0.1
5	1	1	0.029601	LSD_0.1
6	2	1	0.035375	LSD_0.3
22	0	2	0.036059	Saline
23	1	2	0.067266	LSD_0.1
16	0	2	0.036597	Saline
18	2	2	0.028431	LSD_0.3
24	2	2	0.040667	LSD_0.3
19	0	2	0.028327	Saline
17	1	2	0.041451	LSD_0.1
13	0	2	0.023592	Saline
3	2	2	0.039655	LSD_0.3
20	1	2	0.038611	LSD_0.1
21	2	2	0.029225	LSD_0.3
2	1	2	0.024650	LSD_0.1
10	0	2	0.041848	Saline
4	0	2	0.050082	Saline
8	1	2	0.024879	LSD_0.1
9	2	2	0.034472	LSD_0.3
15	2	2	0.037807	LSD_0.3
1	0	2	0.020733	Saline
14	1	2	0.029350	LSD_0.1
7	0	2	0.056053	Saline
12	2	2	0.046174	LSD_0.3
11	1	2	0.031351	LSD_0.1
5	1	2	0.041718	LSD_0.1
6	2	2	0.028041	LSD_0.3
22	0	3	0.029503	Saline
23	1	3	0.030303	LSD_0.1
16	0	3	0.020259	Saline
18	2	3	0.028978	LSD_0.3
24	2	3	0.040833	LSD_0.3
19	0	3	0.038213	Saline
17	1	3	0.033355	LSD_0.1
13	0	3	0.023998	Saline
3	2	3	0.040109	LSD_0.3
20	1	3	0.033013	LSD_0.1
21	2	3	0.036595	LSD_0.3
2	1	3	0.027351	LSD_0.1
10	0	3	0.033446	Saline
4	0	3	0.028682	Saline
8	1	3	0.022848	LSD_0.1
9	2	3	0.026129	LSD_0.3
15	2	3	0.042063	LSD_0.3
1	0	3	0.021571	Saline
14	1	3	0.045241	LSD_0.1
7	0	3	0.030374	Saline
12	2	3	0.032612	LSD_0.3
11	1	3	0.024543	LSD_0.1
5	1	3	0.030368	LSD_0.1
6	2	3	0.044651	LSD_0.3
22	0	4	0.019090	Saline
23	1	4	0.020147	LSD_0.1
16	0	4	0.019475	Saline
18	2	4	0.023146	LSD_0.3
24	2	4	0.049333	LSD_0.3
19	0	4	0.041825	Saline
17	1	4	0.020887	LSD_0.1
13	0	4	0.028879	Saline
3	2	4	0.031633	LSD_0.3
20	1	4	0.025836	LSD_0.1
21	2	4	0.037357	LSD_0.3
2	1	4	0.028702	LSD_0.1
10	0	4	0.032315	Saline
4	0	4	0.031654	Saline
8	1	4	0.020056	LSD_0.1
9	2	4	0.014639	LSD_0.3
15	2	4	0.052078	LSD_0.3
1	0	4	0.022408	Saline
14	1	4	0.038430	LSD_0.1
7	0	4	0.029787	Saline
12	2	4	0.044398	LSD_0.3
11	1	4	0.034038	LSD_0.1
5	1	4	0.022086	LSD_0.1
6	2	4	0.043572	LSD_0.3
22	0	5	0.035094	Saline
23	1	5	0.014985	LSD_0.1
16	0	5	0.012809	Saline
18	2	5	0.023692	LSD_0.3
24	2	5	0.026000	LSD_0.3
19	0	5	0.023954	Saline
17	1	5	0.017649	LSD_0.1
13	0	5	0.039455	Saline
3	2	5	0.023157	LSD_0.3
20	1	5	0.017224	LSD_0.1
21	2	5	0.032783	LSD_0.3
2	1	5	0.029208	LSD_0.1
10	0	5	0.022459	Saline
4	0	5	0.014415	Saline
8	1	5	0.020564	LSD_0.1
9	2	5	0.011018	LSD_0.3
15	2	5	0.041562	LSD_0.3
1	0	5	0.020942	Saline
14	1	5	0.041511	LSD_0.1
7	0	5	0.019076	Saline
12	2	5	0.021311	LSD_0.3
11	1	5	0.010391	LSD_0.1
5	1	5	0.026534	LSD_0.1
6	2	5	0.037964	LSD_0.3
22	0	6	0.027189	Saline
23	1	6	0.007992	LSD_0.1
16	0	6	0.058685	Saline
18	2	6	0.014944	LSD_0.3
24	2	6	0.026333	LSD_0.3
19	0	6	0.022814	Saline
17	1	6	0.038860	LSD_0.1
13	0	6	0.011389	Saline
3	2	6	0.016346	LSD_0.3
20	1	6	0.029568	LSD_0.1
21	2	6	0.017027	LSD_0.3
2	1	6	0.013000	LSD_0.1
10	0	6	0.023267	Saline
4	0	6	0.022440	Saline
8	1	6	0.007870	LSD_0.1
9	2	6	0.010546	LSD_0.3
15	2	6	0.010265	LSD_0.3
1	0	6	0.021361	Saline
14	1	6	0.049781	LSD_0.1
7	0	6	0.033602	Saline
12	2	6	0.012108	LSD_0.3
11	1	6	0.002150	LSD_0.1
5	1	6	0.024233	LSD_0.1
6	2	6	0.020276	LSD_0.3
22	0	7	0.028924	Saline
23	1	7	0.005162	LSD_0.1
16	0	7	0.006404	Saline
18	2	7	0.026426	LSD_0.3
24	2	7	0.018500	LSD_0.3
19	0	7	0.014639	Saline
17	1	7	0.014411	LSD_0.1
13	0	7	0.034574	Saline
3	2	7	0.019676	LSD_0.3
20	1	7	0.024257	LSD_0.1
21	2	7	0.022618	LSD_0.3
2	1	7	0.030559	LSD_0.1
10	0	7	0.062692	Saline
4	0	7	0.010106	Saline
8	1	7	0.018533	LSD_0.1
9	2	7	0.017000	LSD_0.3
15	2	7	0.029544	LSD_0.3
1	0	7	0.016963	Saline
14	1	7	0.020918	LSD_0.1
7	0	7	0.015701	Saline
12	2	7	0.026154	LSD_0.3
11	1	7	0.017377	LSD_0.1
5	1	7	0.025767	LSD_0.1
6	2	7	0.027394	LSD_0.3
22	0	8	0.013112	Saline
23	1	8	0.027639	LSD_0.1
16	0	8	0.014377	Saline
18	2	8	0.008748	LSD_0.3
24	2	8	0.028333	LSD_0.3
19	0	8	0.012167	Saline
17	1	8	0.010687	LSD_0.1
13	0	8	0.010372	Saline
3	2	8	0.024065	LSD_0.3
20	1	8	0.035883	LSD_0.1
21	2	8	0.007624	LSD_0.3
2	1	8	0.017896	LSD_0.1
10	0	8	0.030538	Saline
4	0	8	0.056323	Saline
8	1	8	0.015232	LSD_0.1
9	2	8	0.005509	LSD_0.3
15	2	8	0.011517	LSD_0.3
1	0	8	0.004188	Saline
14	1	8	0.015891	LSD_0.1
7	0	8	0.037564	Saline
12	2	8	0.039393	LSD_0.3
11	1	8	0.026155	LSD_0.1
5	1	8	0.022393	LSD_0.1
6	2	8	0.009491	LSD_0.3
22	0	9	0.017547	Saline
23	1	9	0.035298	LSD_0.1
16	0	9	0.026794	Saline
18	2	9	0.012211	LSD_0.3
24	2	9	0.022667	LSD_0.3
19	0	9	0.019582	Saline
17	1	9	0.012791	LSD_0.1
13	0	9	0.015457	Saline
3	2	9	0.027395	LSD_0.3
20	1	9	0.020382	LSD_0.1
21	2	9	0.013723	LSD_0.3
2	1	9	0.017559	LSD_0.1
10	0	9	0.015350	Saline
4	0	9	0.020508	Saline
8	1	9	0.028434	LSD_0.1
9	2	9	0.019518	LSD_0.3
15	2	9	0.021783	LSD_0.3
1	0	9	0.010471	Saline
14	1	9	0.024323	LSD_0.1
7	0	9	0.022744	Saline
12	2	9	0.021957	LSD_0.3
11	1	9	0.020423	LSD_0.1
5	1	9	0.029448	LSD_0.1
6	2	9	0.025453	LSD_0.3
22	0	10	0.017547	Saline
23	1	10	0.004995	LSD_0.1
16	0	10	0.012939	Saline
18	2	10	0.030436	LSD_0.3
24	2	10	0.016000	LSD_0.3
19	0	10	0.023764	Saline
17	1	10	0.029955	LSD_0.1
13	0	10	0.032337	Saline
3	2	10	0.024065	LSD_0.3
20	1	10	0.024401	LSD_0.1
21	2	10	0.016010	LSD_0.3
2	1	10	0.039338	LSD_0.1
10	0	10	0.003070	Saline
4	0	10	0.011592	Saline
8	1	10	0.019040	LSD_0.1
9	2	10	0.016842	LSD_0.3
15	2	10	0.048072	LSD_0.3
1	0	10	0.035602	Saline
14	1	10	0.021080	LSD_0.1
7	0	10	0.006897	Saline
12	2	10	0.025509	LSD_0.3
11	1	10	0.031530	LSD_0.1
5	1	10	0.017945	LSD_0.1
6	2	10	0.015099	LSD_0.3
22	0	11	0.014269	Saline
23	1	11	0.054945	LSD_0.1
16	0	11	0.015423	Saline
18	2	11	0.011846	LSD_0.3
24	2	11	0.025667	LSD_0.3
19	0	11	0.007224	Saline
17	1	11	0.021211	LSD_0.1
13	0	11	0.003661	Saline
3	2	11	0.020282	LSD_0.3
20	1	11	0.033443	LSD_0.1
21	2	11	0.005845	LSD_0.3
2	1	11	0.021611	LSD_0.1
10	0	11	0.021490	Saline
4	0	11	0.025412	Saline
8	1	11	0.020817	LSD_0.1
9	2	11	0.004407	LSD_0.3
15	2	11	0.022784	LSD_0.3
1	0	11	0.004188	Saline
14	1	11	0.016377	LSD_0.1
7	0	11	0.052238	Saline
12	2	11	0.025831	LSD_0.3
11	1	11	0.021677	LSD_0.1
5	1	11	0.019632	LSD_0.1
6	2	11	0.010354	LSD_0.3
22	0	12	0.016197	Saline
23	1	12	0.012321	LSD_0.1
16	0	12	0.025748	Saline
18	2	12	0.002916	LSD_0.3
24	2	12	0.021500	LSD_0.3
19	0	12	0.021863	Saline
17	1	12	0.022345	LSD_0.1
13	0	12	0.006101	Saline
3	2	12	0.021341	LSD_0.3
20	1	12	0.048514	LSD_0.1
21	2	12	0.008132	LSD_0.3
2	1	12	0.022793	LSD_0.1
10	0	12	0.009695	Saline
4	0	12	0.056472	Saline
8	1	12	0.011932	LSD_0.1
9	2	12	0.008343	LSD_0.3
15	2	12	0.008012	LSD_0.3
1	0	12	0.004398	Saline
14	1	12	0.015080	LSD_0.1
7	0	12	0.028760	Saline
12	2	12	0.023410	LSD_0.3
11	1	12	0.017736	LSD_0.1
5	1	12	0.043405	LSD_0.1
6	2	12	0.004314	LSD_0.3
22	0	13	0.012341	Saline
23	1	13	0.025808	LSD_0.1
16	0	13	0.019475	Saline
18	2	13	0.012028	LSD_0.3
24	2	13	0.022833	LSD_0.3
19	0	13	0.014449	Saline
17	1	13	0.034326	LSD_0.1
13	0	13	0.007728	Saline
3	2	13	0.020282	LSD_0.3
20	1	13	0.028707	LSD_0.1
21	2	13	0.005083	LSD_0.3
2	1	13	0.018403	LSD_0.1
10	0	13	0.011149	Saline
4	0	13	0.035815	Saline
8	1	13	0.013963	LSD_0.1
9	2	13	0.023453	LSD_0.3
15	2	13	0.015523	LSD_0.3
1	0	13	0.013194	Saline
14	1	13	0.011675	LSD_0.1
7	0	13	0.031548	Saline
12	2	13	0.030836	LSD_0.3
11	1	13	0.024722	LSD_0.1
5	1	13	0.012423	LSD_0.1
6	2	13	0.009060	LSD_0.3
22	0	14	0.015233	Saline
23	1	14	0.032634	LSD_0.1
16	0	14	0.014247	Saline
18	2	14	0.016402	LSD_0.3
24	2	14	0.026000	LSD_0.3
19	0	14	0.014259	Saline
17	1	14	0.021049	LSD_0.1
13	0	14	0.014236	Saline
3	2	14	0.024671	LSD_0.3
20	1	14	0.028707	LSD_0.1
21	2	14	0.005591	LSD_0.3
2	1	14	0.017390	LSD_0.1
10	0	14	0.016966	Saline
4	0	14	0.028979	Saline
8	1	14	0.013455	LSD_0.1
9	2	14	0.024555	LSD_0.3
15	2	14	0.011517	LSD_0.3
1	0	14	0.007539	Saline
14	1	14	0.009405	LSD_0.1
7	0	14	0.032282	Saline
12	2	14	0.023733	LSD_0.3
11	1	14	0.020244	LSD_0.1
5	1	14	0.024540	LSD_0.1
6	2	14	0.010354	LSD_0.3
22	0	15	0.027960	Saline
23	1	15	0.011489	LSD_0.1
16	0	15	0.013593	Saline
18	2	15	0.028613	LSD_0.3
24	2	15	0.009000	LSD_0.3
19	0	15	0.028897	Saline
17	1	15	0.004534	LSD_0.1
13	0	15	0.044336	Saline
3	2	15	0.018465	LSD_0.3
20	1	15	0.012487	LSD_0.1
21	2	15	0.034562	LSD_0.3
2	1	15	0.020260	LSD_0.1
10	0	15	0.003716	Saline
4	0	15	0.014712	Saline
8	1	15	0.016756	LSD_0.1
9	2	15	0.023768	LSD_0.3
15	2	15	0.006510	LSD_0.3
1	0	15	0.048377	Saline
14	1	15	0.011351	LSD_0.1
7	0	15	0.008217	Saline
12	2	15	0.023087	LSD_0.3
11	1	15	0.025797	LSD_0.1
5	1	15	0.012883	LSD_0.1
6	2	15	0.013805	LSD_0.3
22	0	16	0.026803	Saline
23	1	16	0.007826	LSD_0.1
16	0	16	0.026402	Saline
18	2	16	0.009477	LSD_0.3
24	2	16	0.012000	LSD_0.3
19	0	16	0.017681	Saline
17	1	16	0.021373	LSD_0.1
13	0	16	0.026642	Saline
3	2	16	0.005297	LSD_0.3
20	1	16	0.016937	LSD_0.1
21	2	16	0.007116	LSD_0.3
2	1	16	0.017052	LSD_0.1
10	0	16	0.041364	Saline
4	0	16	0.019022	Saline
8	1	16	0.003300	LSD_0.1
9	2	16	0.008657	LSD_0.3
15	2	16	0.004006	LSD_0.3
1	0	16	0.017173	Saline
14	1	16	0.019621	LSD_0.1
7	0	16	0.050330	Saline
12	2	16	0.011786	LSD_0.3
11	1	16	0.009674	LSD_0.1
5	1	16	0.032055	LSD_0.1
6	2	16	0.010138	LSD_0.3
22	0	17	0.006363	Saline
23	1	17	0.006827	LSD_0.1
16	0	17	0.002222	Saline
18	2	17	0.024239	LSD_0.3
24	2	17	0.041000	LSD_0.3
19	0	17	0.002091	Saline
17	1	17	0.005829	LSD_0.1
13	0	17	0.025015	Saline
3	2	17	0.018465	LSD_0.3
20	1	17	0.009904	LSD_0.1
21	2	17	0.024142	LSD_0.3
2	1	17	0.018234	LSD_0.1
10	0	17	0.002908	Saline
4	0	17	0.005796	Saline
8	1	17	0.029703	LSD_0.1
9	2	17	0.018731	LSD_0.3
15	2	17	0.071357	LSD_0.3
1	0	17	0.019686	Saline
14	1	17	0.006486	LSD_0.1
7	0	17	0.002494	Saline
12	2	17	0.054730	LSD_0.3
11	1	17	0.050340	LSD_0.1
5	1	17	0.002914	LSD_0.1
6	2	17	0.024590	LSD_0.3
22	0	18	0.009256	Saline
23	1	18	0.019148	LSD_0.1
16	0	18	0.017514	Saline
18	2	18	0.012940	LSD_0.3
24	2	18	0.023500	LSD_0.3
19	0	18	0.018251	Saline
17	1	18	0.031088	LSD_0.1
13	0	18	0.007728	Saline
3	2	18	0.030271	LSD_0.3
20	1	18	0.016937	LSD_0.1
21	2	18	0.007370	LSD_0.3
2	1	18	0.018741	LSD_0.1
10	0	18	0.027145	Saline
4	0	18	0.023332	Saline
8	1	18	0.002539	LSD_0.1
9	2	18	0.011176	LSD_0.3
15	2	18	0.008262	LSD_0.3
1	0	18	0.006911	Saline
14	1	18	0.017999	LSD_0.1
7	0	18	0.025385	Saline
12	2	18	0.019696	LSD_0.3
11	1	18	0.021856	LSD_0.1
5	1	18	0.008742	LSD_0.1
6	2	18	0.017472	LSD_0.3
22	0	19	0.014269	Saline
23	1	19	0.027972	LSD_0.1
16	0	19	0.007058	Saline
18	2	19	0.019136	LSD_0.3
24	2	19	0.019833	LSD_0.3
19	0	19	0.015399	Saline
17	1	19	0.013601	LSD_0.1
13	0	19	0.015457	Saline
3	2	19	0.024217	LSD_0.3
20	1	19	0.013205	LSD_0.1
21	2	19	0.015248	LSD_0.3
2	1	19	0.026676	LSD_0.1
10	0	19	0.015673	Saline
4	0	19	0.013821	Saline
8	1	19	0.022087	LSD_0.1
9	2	19	0.008185	LSD_0.3
15	2	19	0.027541	LSD_0.3
1	0	19	0.008168	Saline
14	1	19	0.018161	LSD_0.1
7	0	19	0.014967	Saline
12	2	19	0.025024	LSD_0.3
11	1	19	0.032067	LSD_0.1
5	1	19	0.005982	LSD_0.1
6	2	19	0.016393	LSD_0.3
22	0	20	0.003471	Saline
23	1	20	0.016817	LSD_0.1
16	0	20	0.039733	Saline
18	2	20	0.009659	LSD_0.3
24	2	20	0.015833	LSD_0.3
19	0	20	0.028137	Saline
17	1	20	0.009715	LSD_0.1
13	0	20	0.001830	Saline
3	2	20	0.042833	LSD_0.3
20	1	20	0.008899	LSD_0.1
21	2	20	0.006099	LSD_0.3
2	1	20	0.010130	LSD_0.1
10	0	20	0.009695	Saline
4	0	20	0.020360	Saline
8	1	20	0.006093	LSD_0.1
9	2	20	0.004880	LSD_0.3
15	2	20	0.004006	LSD_0.3
1	0	20	0.004188	Saline
14	1	20	0.021080	LSD_0.1
7	0	20	0.043287	Saline
12	2	20	0.011140	LSD_0.3
11	1	20	0.025081	LSD_0.1
5	1	20	0.018558	LSD_0.1
6	2	20	0.010785	LSD_0.3
22	0	21	0.024296	Saline
23	1	21	0.010157	LSD_0.1
16	0	21	0.006666	Saline
18	2	21	0.019865	LSD_0.3
24	2	21	0.008167	LSD_0.3
19	0	21	0.007605	Saline
17	1	21	0.020402	LSD_0.1
13	0	21	0.012406	Saline
3	2	21	0.011806	LSD_0.3
20	1	21	0.018659	LSD_0.1
21	2	21	0.005591	LSD_0.3
2	1	21	0.027013	LSD_0.1
10	0	21	0.067862	Saline
4	0	21	0.013375	Saline
8	1	21	0.004316	LSD_0.1
9	2	21	0.010231	LSD_0.3
15	2	21	0.020030	LSD_0.3
1	0	21	0.008586	Saline
14	1	21	0.021729	LSD_0.1
7	0	21	0.014967	Saline
12	2	21	0.014207	LSD_0.3
11	1	21	0.016482	LSD_0.1
5	1	21	0.014571	LSD_0.1
6	2	21	0.011864	LSD_0.3
22	0	22	0.021211	Saline
23	1	22	0.001998	LSD_0.1
16	0	22	0.004052	Saline
18	2	22	0.022417	LSD_0.3
24	2	22	0.004500	LSD_0.3
19	0	22	0.010076	Saline
17	1	22	0.019430	LSD_0.1
13	0	22	0.050641	Saline
3	2	22	0.013622	LSD_0.3
20	1	22	0.013205	LSD_0.1
21	2	22	0.012961	LSD_0.3
2	1	22	0.021104	LSD_0.1
10	0	22	0.042818	Saline
4	0	22	0.005350	Saline
8	1	22	0.026149	LSD_0.1
9	2	22	0.021250	LSD_0.3
15	2	22	0.018528	LSD_0.3
1	0	22	0.027853	Saline
14	1	22	0.009405	LSD_0.1
7	0	22	0.004549	Saline
12	2	22	0.006135	LSD_0.3
11	1	22	0.010928	LSD_0.1
5	1	22	0.015031	LSD_0.1
6	2	22	0.016393	LSD_0.3
22	0	23	0.026417	Saline
23	1	23	0.003830	LSD_0.1
16	0	23	0.023396	Saline
18	2	23	0.008019	LSD_0.3
24	2	23	0.005167	LSD_0.3
19	0	23	0.017300	Saline
17	1	23	0.027526	LSD_0.1
13	0	23	0.018507	Saline
3	2	23	0.010898	LSD_0.3
20	1	23	0.016076	LSD_0.1
21	2	23	0.004574	LSD_0.3
2	1	23	0.026507	LSD_0.1
10	0	23	0.031023	Saline
4	0	23	0.006985	Saline
8	1	23	0.002539	LSD_0.1
9	2	23	0.007713	LSD_0.3
15	2	23	0.007011	LSD_0.3
1	0	23	0.023665	Saline
14	1	23	0.021404	LSD_0.1
7	0	23	0.012913	Saline
12	2	23	0.012108	LSD_0.3
11	1	23	0.014153	LSD_0.1
5	1	23	0.020552	LSD_0.1
6	2	23	0.006687	LSD_0.3
22	0	24	0.019668	Saline
23	1	24	0.013487	LSD_0.1
16	0	24	0.008104	Saline
18	2	24	0.011664	LSD_0.3
24	2	24	0.014500	LSD_0.3
19	0	24	0.011027	Saline
17	1	24	0.013439	LSD_0.1
13	0	24	0.010576	Saline
3	2	24	0.006811	LSD_0.3
20	1	24	0.008181	LSD_0.1
21	2	24	0.002541	LSD_0.3
2	1	24	0.019078	LSD_0.1
10	0	24	0.042333	Saline
4	0	24	0.019765	Saline
8	1	24	0.000254	LSD_0.1
9	2	24	0.003148	LSD_0.3
15	2	24	0.005008	LSD_0.3
1	0	24	0.007749	Saline
14	1	24	0.012162	LSD_0.1
7	0	24	0.030227	Saline
12	2	24	0.017113	LSD_0.3
11	1	24	0.011645	LSD_0.1
5	1	24	0.025307	LSD_0.1
6	2	24	0.013805	LSD_0.3
22	0	25	0.020440	Saline
23	1	25	0.003663	LSD_0.1
16	0	25	0.031107	Saline
18	2	25	0.002916	LSD_0.3
24	2	25	0.013667	LSD_0.3
19	0	25	0.016540	Saline
17	1	25	0.019754	LSD_0.1
13	0	25	0.003864	Saline
3	2	25	0.005297	LSD_0.3
20	1	25	0.029424	LSD_0.1
21	2	25	0.005337	LSD_0.3
2	1	25	0.002364	LSD_0.1
10	0	25	0.016319	Saline
4	0	25	0.012335	Saline
8	1	25	0.007362	LSD_0.1
9	2	25	0.005194	LSD_0.3
15	2	25	0.001753	LSD_0.3
1	0	25	0.003560	Saline
14	1	25	0.022701	LSD_0.1
7	0	25	0.022597	Saline
12	2	25	0.005166	LSD_0.3
11	1	25	0.002329	LSD_0.1
5	1	25	0.045245	LSD_0.1
6	2	25	0.007550	LSD_0.3
22	0	26	0.018704	Saline
23	1	26	0.003996	LSD_0.1
16	0	26	0.002483	Saline
18	2	26	0.024239	LSD_0.3
24	2	26	0.006500	LSD_0.3
19	0	26	0.011787	Saline
17	1	26	0.014573	LSD_0.1
13	0	26	0.037625	Saline
3	2	26	0.010443	LSD_0.3
20	1	26	0.005598	LSD_0.1
21	2	26	0.018043	LSD_0.3
2	1	26	0.021611	LSD_0.1
10	0	26	0.010179	Saline
4	0	26	0.004161	Saline
8	1	26	0.017517	LSD_0.1
9	2	26	0.008972	LSD_0.3
15	2	26	0.043065	LSD_0.3
1	0	26	0.026387	Saline
14	1	26	0.012648	LSD_0.1
7	0	26	0.003962	Saline
12	2	26	0.011624	LSD_0.3
11	1	26	0.008062	LSD_0.1
5	1	26	0.009356	LSD_0.1
6	2	26	0.031061	LSD_0.3
22	0	27	0.013305	Saline
23	1	27	0.007992	LSD_0.1
16	0	27	0.023918	Saline
18	2	27	0.003645	LSD_0.3
24	2	27	0.010167	LSD_0.3
19	0	27	0.028707	Saline
17	1	27	0.011172	LSD_0.1
13	0	27	0.009152	Saline
3	2	27	0.017103	LSD_0.3
20	1	27	0.017798	LSD_0.1
21	2	27	0.013469	LSD_0.3
2	1	27	0.016546	LSD_0.1
10	0	27	0.007433	Saline
4	0	27	0.017090	Saline
8	1	27	0.008886	LSD_0.1
9	2	27	0.021092	LSD_0.3
15	2	27	0.002504	LSD_0.3
1	0	27	0.011937	Saline
14	1	27	0.010702	LSD_0.1
7	0	27	0.012472	Saline
12	2	27	0.014369	LSD_0.3
11	1	27	0.009674	LSD_0.1
5	1	27	0.023006	LSD_0.1
6	2	27	0.004745	LSD_0.3
22	0	28	0.007906	Saline
23	1	28	0.029637	LSD_0.1
16	0	28	0.010979	Saline
18	2	28	0.004738	LSD_0.3
24	2	28	0.020000	LSD_0.3
19	0	28	0.004943	Saline
17	1	28	0.019592	LSD_0.1
13	0	28	0.004881	Saline
3	2	28	0.006962	LSD_0.3
20	1	28	0.026410	LSD_0.1
21	2	28	0.002541	LSD_0.3
2	1	28	0.005572	LSD_0.1
10	0	28	0.007756	Saline
4	0	28	0.026898	Saline
8	1	28	0.007108	LSD_0.1
9	2	28	0.023296	LSD_0.3
15	2	28	0.007011	LSD_0.3
1	0	28	0.009424	Saline
14	1	28	0.008918	LSD_0.1
7	0	28	0.024211	Saline
12	2	28	0.018405	LSD_0.3
11	1	28	0.011824	LSD_0.1
5	1	28	0.011503	LSD_0.1
6	2	28	0.007765	LSD_0.3
22	0	29	0.020054	Saline
23	1	29	0.017816	LSD_0.1
16	0	29	0.004705	Saline
18	2	29	0.012028	LSD_0.3
24	2	29	0.007667	LSD_0.3
19	0	29	0.016350	Saline
17	1	29	0.012791	LSD_0.1
13	0	29	0.026236	Saline
3	2	29	0.008779	LSD_0.3
20	1	29	0.005311	LSD_0.1
21	2	29	0.027700	LSD_0.3
2	1	29	0.014857	LSD_0.1
10	0	29	0.013734	Saline
4	0	29	0.012335	Saline
8	1	29	0.007616	LSD_0.1
9	2	29	0.009759	LSD_0.3
15	2	29	0.008513	LSD_0.3
1	0	29	0.022199	Saline
14	1	29	0.017675	LSD_0.1
7	0	29	0.011152	Saline
12	2	29	0.011301	LSD_0.3
11	1	29	0.015765	LSD_0.1
5	1	29	0.014877	LSD_0.1
6	2	29	0.013805	LSD_0.3
22	0	30	0.015040	Saline
23	1	30	0.003330	LSD_0.1
16	0	30	0.013985	Saline
18	2	30	0.009659	LSD_0.3
24	2	30	0.005833	LSD_0.3
19	0	30	0.012928	Saline
17	1	30	0.021535	LSD_0.1
13	0	30	0.018914	Saline
3	2	30	0.011352	LSD_0.3
20	1	30	0.010478	LSD_0.1
21	2	30	0.030241	LSD_0.3
2	1	30	0.001182	LSD_0.1
10	0	30	0.004524	Saline
4	0	30	0.003715	Saline
8	1	30	0.007362	LSD_0.1
9	2	30	0.032111	LSD_0.3
15	2	30	0.000250	LSD_0.3
1	0	30	0.042723	Saline
14	1	30	0.020431	LSD_0.1
7	0	30	0.002494	Saline
12	2	30	0.002422	LSD_0.3
11	1	30	0.000179	LSD_0.1
5	1	30	0.008436	LSD_0.1
6	2	30	0.014452	LSD_0.3
22	0	31	0.002121	Saline
23	1	31	0.003330	LSD_0.1
16	0	31	0.003137	Saline
18	2	31	0.013304	LSD_0.3
24	2	31	0.024833	LSD_0.3
19	0	31	0.000951	Saline
17	1	31	0.002753	LSD_0.1
13	0	31	0.019321	Saline
3	2	31	0.012714	LSD_0.3
20	1	31	0.004450	LSD_0.1
21	2	31	0.020330	LSD_0.3
2	1	31	0.010299	LSD_0.1
10	0	31	0.004039	Saline
4	0	31	0.004012	Saline
8	1	31	0.014725	LSD_0.1
9	2	31	0.007555	LSD_0.3
15	2	31	0.035303	LSD_0.3
1	0	31	0.015079	Saline
14	1	31	0.003081	LSD_0.1
7	0	31	0.003522	Saline
12	2	31	0.033258	LSD_0.3
11	1	31	0.045503	LSD_0.1
5	1	31	0.003221	LSD_0.1
6	2	31	0.014668	LSD_0.3
22	0	32	0.003278	Saline
23	1	32	0.024143	LSD_0.1
16	0	32	0.004705	Saline
18	2	32	0.012028	LSD_0.3
24	2	32	0.013167	LSD_0.3
19	0	32	0.006084	Saline
17	1	32	0.007610	LSD_0.1
13	0	32	0.001830	Saline
3	2	32	0.013773	LSD_0.3
20	1	32	0.006746	LSD_0.1
21	2	32	0.005337	LSD_0.3
2	1	32	0.020429	LSD_0.1
10	0	32	0.009048	Saline
4	0	32	0.015455	Saline
8	1	32	0.011932	LSD_0.1
9	2	32	0.006611	LSD_0.3
15	2	32	0.030796	LSD_0.3
1	0	32	0.000419	Saline
14	1	32	0.009405	LSD_0.1
7	0	32	0.014380	Saline
12	2	32	0.016306	LSD_0.3
11	1	32	0.022035	LSD_0.1
5	1	32	0.005982	LSD_0.1
6	2	32	0.013158	LSD_0.3
22	0	33	0.010413	Saline
23	1	33	0.015651	LSD_0.1
16	0	33	0.001699	Saline
18	2	33	0.008566	LSD_0.3
24	2	33	0.016000	LSD_0.3
19	0	33	0.004373	Saline
17	1	33	0.010848	LSD_0.1
13	0	33	0.001220	Saline
3	2	33	0.014530	LSD_0.3
20	1	33	0.016650	LSD_0.1
21	2	33	0.008132	LSD_0.3
2	1	33	0.016715	LSD_0.1
10	0	33	0.017289	Saline
4	0	33	0.026155	Saline
8	1	33	0.000000	LSD_0.1
9	2	33	0.001731	LSD_0.3
15	2	33	0.009264	LSD_0.3
1	0	33	0.002094	Saline
14	1	33	0.006973	LSD_0.1
7	0	33	0.018782	Saline
12	2	33	0.021957	LSD_0.3
11	1	33	0.013257	LSD_0.1
5	1	33	0.007669	LSD_0.1
6	2	33	0.008844	LSD_0.3
22	0	34	0.008292	Saline
23	1	34	0.011822	LSD_0.1
16	0	34	0.013724	Saline
18	2	34	0.011299	LSD_0.3
24	2	34	0.014833	LSD_0.3
19	0	34	0.012167	Saline
17	1	34	0.008905	LSD_0.1
13	0	34	0.006305	Saline
3	2	34	0.013622	LSD_0.3
20	1	34	0.010047	LSD_0.1
21	2	34	0.021093	LSD_0.3
2	1	34	0.006585	LSD_0.1
10	0	34	0.006786	Saline
4	0	34	0.007728	Saline
8	1	34	0.006601	LSD_0.1
9	2	34	0.011491	LSD_0.3
15	2	34	0.006510	LSD_0.3
1	0	34	0.007958	Saline
14	1	34	0.011026	LSD_0.1
7	0	34	0.009098	Saline
12	2	34	0.011301	LSD_0.3
11	1	34	0.009853	LSD_0.1
5	1	34	0.016258	LSD_0.1
6	2	34	0.015099	LSD_0.3
22	0	35	0.006170	Saline
23	1	35	0.004662	LSD_0.1
16	0	35	0.003137	Saline
18	2	35	0.008930	LSD_0.3
24	2	35	0.013667	LSD_0.3
19	0	35	0.003612	Saline
17	1	35	0.003724	LSD_0.1
13	0	35	0.010779	Saline
3	2	35	0.008476	LSD_0.3
20	1	35	0.010909	LSD_0.1
21	2	35	0.014994	LSD_0.3
2	1	35	0.014857	LSD_0.1
10	0	35	0.015511	Saline
4	0	35	0.009362	Saline
8	1	35	0.032749	LSD_0.1
9	2	35	0.011648	LSD_0.3
15	2	35	0.019780	LSD_0.3
1	0	35	0.007330	Saline
14	1	35	0.002108	LSD_0.1
7	0	35	0.008657	Saline
12	2	35	0.020504	LSD_0.3
11	1	35	0.020064	LSD_0.1
5	1	35	0.004141	LSD_0.1
6	2	35	0.014668	LSD_0.3
22	0	36	0.014269	Saline
23	1	36	0.005162	LSD_0.1
16	0	36	0.019082	Saline
18	2	36	0.006196	LSD_0.3
24	2	36	0.006667	LSD_0.3
19	0	36	0.014829	Saline
17	1	36	0.004858	LSD_0.1
13	0	36	0.012813	Saline
3	2	36	0.005146	LSD_0.3
20	1	36	0.007751	LSD_0.1
21	2	36	0.001017	LSD_0.3
2	1	36	0.009792	LSD_0.1
10	0	36	0.015996	Saline
4	0	36	0.010997	Saline
8	1	36	0.002031	LSD_0.1
9	2	36	0.004880	LSD_0.3
15	2	36	0.001252	LSD_0.3
1	0	36	0.009424	Saline
14	1	36	0.010702	LSD_0.1
7	0	36	0.017755	Saline
12	2	36	0.009364	LSD_0.3
11	1	36	0.011465	LSD_0.1
5	1	36	0.026687	LSD_0.1
6	2	36	0.012295	LSD_0.3
22	0	37	0.010991	Saline
23	1	37	0.002498	LSD_0.1
16	0	37	0.021697	Saline
18	2	37	0.002369	LSD_0.3
24	2	37	0.005333	LSD_0.3
19	0	37	0.023954	Saline
17	1	37	0.013115	LSD_0.1
13	0	37	0.004271	Saline
3	2	37	0.012714	LSD_0.3
20	1	37	0.016650	LSD_0.1
21	2	37	0.002541	LSD_0.3
2	1	37	0.020598	LSD_0.1
10	0	37	0.004847	Saline
4	0	37	0.007876	Saline
8	1	37	0.001523	LSD_0.1
9	2	37	0.006454	LSD_0.3
15	2	37	0.002003	LSD_0.3
1	0	37	0.014241	Saline
14	1	37	0.009405	LSD_0.1
7	0	37	0.006456	Saline
12	2	37	0.009687	LSD_0.3
11	1	37	0.010749	LSD_0.1
5	1	37	0.020092	LSD_0.1
6	2	37	0.000863	LSD_0.3
22	0	38	0.002314	Saline
23	1	38	0.046121	LSD_0.1
16	0	38	0.030323	Saline
18	2	38	0.013851	LSD_0.3
24	2	38	0.009167	LSD_0.3
19	0	38	0.001901	Saline
17	1	38	0.010363	LSD_0.1
13	0	38	0.000610	Saline
3	2	38	0.006660	LSD_0.3
20	1	38	0.009617	LSD_0.1
21	2	38	0.000254	LSD_0.3
2	1	38	0.009455	LSD_0.1
10	0	38	0.010179	Saline
4	0	38	0.015455	Saline
8	1	38	0.002539	LSD_0.1
9	2	38	0.018259	LSD_0.3
15	2	38	0.007511	LSD_0.3
1	0	38	0.005654	Saline
14	1	38	0.001459	LSD_0.1
7	0	38	0.003081	Saline
12	2	38	0.006458	LSD_0.3
11	1	38	0.009853	LSD_0.1
5	1	38	0.001074	LSD_0.1
6	2	38	0.005824	LSD_0.3
22	0	39	0.009256	Saline
23	1	39	0.007659	LSD_0.1
16	0	39	0.003529	Saline
18	2	39	0.002005	LSD_0.3
24	2	39	0.009833	LSD_0.3
19	0	39	0.006464	Saline
17	1	39	0.013601	LSD_0.1
13	0	39	0.003051	Saline
3	2	39	0.011654	LSD_0.3
20	1	39	0.021961	LSD_0.1
21	2	39	0.004828	LSD_0.3
2	1	39	0.018572	LSD_0.1
10	0	39	0.001454	Saline
4	0	39	0.023035	Saline
8	1	39	0.005585	LSD_0.1
9	2	39	0.006768	LSD_0.3
15	2	39	0.016024	LSD_0.3
1	0	39	0.005654	Saline
14	1	39	0.014756	LSD_0.1
7	0	39	0.006603	Saline
12	2	39	0.012431	LSD_0.3
11	1	39	0.016123	LSD_0.1
5	1	39	0.013037	LSD_0.1
6	2	39	0.001726	LSD_0.3
22	0	40	0.014269	Saline
23	1	40	0.012155	LSD_0.1
16	0	40	0.001830	Saline
18	2	40	0.013851	LSD_0.3
24	2	40	0.006333	LSD_0.3
19	0	40	0.010076	Saline
17	1	40	0.008582	LSD_0.1
13	0	40	0.007932	Saline
3	2	40	0.007719	LSD_0.3
20	1	40	0.003301	LSD_0.1
21	2	40	0.023888	LSD_0.3
2	1	40	0.006585	LSD_0.1
10	0	40	0.005978	Saline
4	0	40	0.008471	Saline
8	1	40	0.021071	LSD_0.1
9	2	40	0.011963	LSD_0.3
15	2	40	0.012519	LSD_0.3
1	0	40	0.011518	Saline
14	1	40	0.005513	LSD_0.1
7	0	40	0.005282	Saline
12	2	40	0.008234	LSD_0.3
11	1	40	0.007345	LSD_0.1
5	1	40	0.006442	LSD_0.1
6	2	40	0.036022	LSD_0.3
22	0	41	0.007135	Saline
23	1	41	0.004829	LSD_0.1
16	0	41	0.014377	Saline
18	2	41	0.005103	LSD_0.3
24	2	41	0.007833	LSD_0.3
19	0	41	0.024144	Saline
17	1	41	0.016516	LSD_0.1
13	0	41	0.004068	Saline
3	2	41	0.014530	LSD_0.3
20	1	41	0.010191	LSD_0.1
21	2	41	0.011944	LSD_0.3
2	1	41	0.001857	LSD_0.1
10	0	41	0.002424	Saline
4	0	41	0.002081	Saline
8	1	41	0.010916	LSD_0.1
9	2	41	0.032583	LSD_0.3
15	2	41	0.001753	LSD_0.3
1	0	41	0.008586	Saline
14	1	41	0.015567	LSD_0.1
7	0	41	0.002348	Saline
12	2	41	0.002422	LSD_0.3
11	1	41	0.001971	LSD_0.1
5	1	41	0.008436	LSD_0.1
6	2	41	0.013158	LSD_0.3
22	0	42	0.012727	Saline
23	1	42	0.002831	LSD_0.1
16	0	42	0.008757	Saline
18	2	42	0.004192	LSD_0.3
24	2	42	0.002000	LSD_0.3
19	0	42	0.010837	Saline
17	1	42	0.009391	LSD_0.1
13	0	42	0.023185	Saline
3	2	42	0.003481	LSD_0.3
20	1	42	0.005311	LSD_0.1
21	2	42	0.020839	LSD_0.3
2	1	42	0.004896	LSD_0.1
10	0	42	0.009856	Saline
4	0	42	0.003864	Saline
8	1	42	0.001015	LSD_0.1
9	2	42	0.011176	LSD_0.3
15	2	42	0.000000	LSD_0.3
1	0	42	0.033089	Saline
14	1	42	0.013945	LSD_0.1
7	0	42	0.003962	Saline
12	2	42	0.001614	LSD_0.3
11	1	42	0.001612	LSD_0.1
5	1	42	0.008282	LSD_0.1
6	2	42	0.003451	LSD_0.3
22	0	43	0.007713	Saline
23	1	43	0.010323	LSD_0.1
16	0	43	0.001176	Saline
18	2	43	0.007108	LSD_0.3
24	2	43	0.008667	LSD_0.3
19	0	43	0.001331	Saline
17	1	43	0.002105	LSD_0.1
13	0	43	0.010169	Saline
3	2	43	0.005449	LSD_0.3
20	1	43	0.002297	LSD_0.1
21	2	43	0.008640	LSD_0.3
2	1	43	0.003546	LSD_0.1
10	0	43	0.001454	Saline
4	0	43	0.004607	Saline
8	1	43	0.017009	LSD_0.1
9	2	43	0.002518	LSD_0.3
15	2	43	0.040310	LSD_0.3
1	0	43	0.002094	Saline
14	1	43	0.005838	LSD_0.1
7	0	43	0.004696	Saline
12	2	43	0.008395	LSD_0.3
11	1	43	0.016482	LSD_0.1
5	1	43	0.003681	LSD_0.1
6	2	43	0.022002	LSD_0.3
22	0	44	0.001350	Saline
23	1	44	0.002498	LSD_0.1
16	0	44	0.000000	Saline
18	2	44	0.066521	LSD_0.3
24	2	44	0.000333	LSD_0.3
19	0	44	0.000380	Saline
17	1	44	0.000648	LSD_0.1
13	0	44	0.000203	Saline
3	2	44	0.003784	LSD_0.3
20	1	44	0.000000	LSD_0.1
21	2	44	0.007116	LSD_0.3
2	1	44	0.010299	LSD_0.1
10	0	44	0.000323	Saline
4	0	44	0.000149	Saline
8	1	44	0.086824	LSD_0.1
9	2	44	0.000157	LSD_0.3
15	2	44	0.018778	LSD_0.3
1	0	44	0.000628	Saline
14	1	44	0.000486	LSD_0.1
7	0	44	0.002054	Saline
12	2	44	0.000323	LSD_0.3
11	1	44	0.006449	LSD_0.1
5	1	44	0.000460	LSD_0.1
6	2	44	0.003451	LSD_0.3
22	0	45	0.007906	Saline
23	1	45	0.005328	LSD_0.1
16	0	45	0.007319	Saline
18	2	45	0.003463	LSD_0.3
24	2	45	0.005500	LSD_0.3
19	0	45	0.012167	Saline
17	1	45	0.004696	LSD_0.1
13	0	45	0.012813	Saline
3	2	45	0.003784	LSD_0.3
20	1	45	0.003732	LSD_0.1
21	2	45	0.011436	LSD_0.3
2	1	45	0.005740	LSD_0.1
10	0	45	0.006463	Saline
4	0	45	0.008322	Saline
8	1	45	0.003046	LSD_0.1
9	2	45	0.011333	LSD_0.3
15	2	45	0.000751	LSD_0.3
1	0	45	0.013613	Saline
14	1	45	0.007621	LSD_0.1
7	0	45	0.005282	Saline
12	2	45	0.004521	LSD_0.3
11	1	45	0.010749	LSD_0.1
5	1	45	0.009969	LSD_0.1
6	2	45	0.005608	LSD_0.3
22	0	46	0.008677	Saline
23	1	46	0.002997	LSD_0.1
16	0	46	0.002091	Saline
18	2	46	0.010935	LSD_0.3
24	2	46	0.000833	LSD_0.3
19	0	46	0.016540	Saline
17	1	46	0.010687	LSD_0.1
13	0	46	0.014643	Saline
3	2	46	0.007416	LSD_0.3
20	1	46	0.003301	LSD_0.1
21	2	46	0.019568	LSD_0.3
2	1	46	0.004559	LSD_0.1
10	0	46	0.004524	Saline
4	0	46	0.002229	Saline
8	1	46	0.005839	LSD_0.1
9	2	46	0.008972	LSD_0.3
15	2	46	0.001002	LSD_0.3
1	0	46	0.022408	Saline
14	1	46	0.011513	LSD_0.1
7	0	46	0.000880	Saline
12	2	46	0.001937	LSD_0.3
11	1	46	0.002150	LSD_0.1
5	1	46	0.004755	LSD_0.1
6	2	46	0.008844	LSD_0.3
22	0	47	0.004242	Saline
23	1	47	0.012654	LSD_0.1
16	0	47	0.007450	Saline
18	2	47	0.005832	LSD_0.3
24	2	47	0.009667	LSD_0.3
19	0	47	0.005894	Saline
17	1	47	0.002105	LSD_0.1
13	0	47	0.002441	Saline
3	2	47	0.010443	LSD_0.3
20	1	47	0.005741	LSD_0.1
21	2	47	0.004320	LSD_0.3
2	1	47	0.008948	LSD_0.1
10	0	47	0.005332	Saline
4	0	47	0.003567	Saline
8	1	47	0.005077	LSD_0.1
9	2	47	0.005509	LSD_0.3
15	2	47	0.010516	LSD_0.3
1	0	47	0.000419	Saline
14	1	47	0.006973	LSD_0.1
7	0	47	0.008657	Saline
12	2	47	0.006458	LSD_0.3
11	1	47	0.014153	LSD_0.1
5	1	47	0.009816	LSD_0.1
6	2	47	0.005393	LSD_0.3
22	0	48	0.006556	Saline
23	1	48	0.001998	LSD_0.1
16	0	48	0.027186	Saline
18	2	48	0.000364	LSD_0.3
24	2	48	0.034500	LSD_0.3
19	0	48	0.002662	Saline
17	1	48	0.011172	LSD_0.1
13	0	48	0.004678	Saline
3	2	48	0.002724	LSD_0.3
20	1	48	0.001292	LSD_0.1
21	2	48	0.005591	LSD_0.3
2	1	48	0.001688	LSD_0.1
10	0	48	0.000485	Saline
4	0	48	0.001189	Saline
8	1	48	0.005585	LSD_0.1
9	2	48	0.008657	LSD_0.3
15	2	48	0.001252	LSD_0.3
1	0	48	0.009005	Saline
14	1	48	0.010054	LSD_0.1
7	0	48	0.001027	Saline
12	2	48	0.001292	LSD_0.3
11	1	48	0.000537	LSD_0.1
5	1	48	0.003221	LSD_0.1
6	2	48	0.017256	LSD_0.3
22	0	49	0.010027	Saline
23	1	49	0.015152	LSD_0.1
16	0	49	0.006404	Saline
18	2	49	0.004921	LSD_0.3
24	2	49	0.008000	LSD_0.3
19	0	49	0.011217	Saline
17	1	49	0.001619	LSD_0.1
13	0	49	0.003051	Saline
3	2	49	0.018768	LSD_0.3
20	1	49	0.003732	LSD_0.1
21	2	49	0.003304	LSD_0.3
2	1	49	0.010805	LSD_0.1
10	0	49	0.004847	Saline
4	0	49	0.002824	Saline
8	1	49	0.005585	LSD_0.1
9	2	49	0.002518	LSD_0.3
15	2	49	0.004256	LSD_0.3
1	0	49	0.000419	Saline
14	1	49	0.008918	LSD_0.1
7	0	49	0.004696	Saline
12	2	49	0.001776	LSD_0.3
11	1	49	0.004479	LSD_0.1
5	1	49	0.011043	LSD_0.1
6	2	49	0.007765	LSD_0.3
22	0	50	0.006942	Saline
23	1	50	0.007326	LSD_0.1
16	0	50	0.004705	Saline
18	2	50	0.004374	LSD_0.3
24	2	50	0.003000	LSD_0.3
19	0	50	0.012928	Saline
17	1	50	0.001295	LSD_0.1
13	0	50	0.011592	Saline
3	2	50	0.006357	LSD_0.3
20	1	50	0.001866	LSD_0.1
21	2	50	0.017789	LSD_0.3
2	1	50	0.013507	LSD_0.1
10	0	50	0.002908	Saline
4	0	50	0.005499	Saline
8	1	50	0.014217	LSD_0.1
9	2	50	0.008972	LSD_0.3
15	2	50	0.000751	LSD_0.3
1	0	50	0.009843	Saline
14	1	50	0.002432	LSD_0.1
7	0	50	0.003815	Saline
12	2	50	0.004198	LSD_0.3
11	1	50	0.005195	LSD_0.1
5	1	50	0.010123	LSD_0.1
6	2	50	0.003667	LSD_0.3
22	0	51	0.009256	Saline
23	1	51	0.007659	LSD_0.1
16	0	51	0.007058	Saline
18	2	51	0.006379	LSD_0.3
24	2	51	0.003667	LSD_0.3
19	0	51	0.004753	Saline
17	1	51	0.001457	LSD_0.1
13	0	51	0.015457	Saline
3	2	51	0.005297	LSD_0.3
20	1	51	0.004019	LSD_0.1
21	2	51	0.007878	LSD_0.3
2	1	51	0.009455	LSD_0.1
10	0	51	0.001777	Saline
4	0	51	0.005201	Saline
8	1	51	0.003808	LSD_0.1
9	2	51	0.005981	LSD_0.3
15	2	51	0.010015	LSD_0.3
1	0	51	0.004188	Saline
14	1	51	0.006162	LSD_0.1
7	0	51	0.002348	Saline
12	2	51	0.008072	LSD_0.3
11	1	51	0.012899	LSD_0.1
5	1	51	0.005828	LSD_0.1
6	2	51	0.009707	LSD_0.3
22	0	52	0.001735	Saline
23	1	52	0.010989	LSD_0.1
16	0	52	0.002875	Saline
18	2	52	0.009295	LSD_0.3
24	2	52	0.008000	LSD_0.3
19	0	52	0.013118	Saline
17	1	52	0.003724	LSD_0.1
13	0	52	0.000407	Saline
3	2	52	0.013773	LSD_0.3
20	1	52	0.006890	LSD_0.1
21	2	52	0.000762	LSD_0.3
2	1	52	0.013169	LSD_0.1
10	0	52	0.007109	Saline
4	0	52	0.012483	Saline
8	1	52	0.002793	LSD_0.1
9	2	52	0.004250	LSD_0.3
15	2	52	0.001753	LSD_0.3
1	0	52	0.000838	Saline
14	1	52	0.005189	LSD_0.1
7	0	52	0.005429	Saline
12	2	52	0.010010	LSD_0.3
11	1	52	0.005733	LSD_0.1
5	1	52	0.003528	LSD_0.1
6	2	52	0.001941	LSD_0.3
22	0	53	0.014848	Saline
23	1	53	0.009491	LSD_0.1
16	0	53	0.002222	Saline
18	2	53	0.003463	LSD_0.3
24	2	53	0.003000	LSD_0.3
19	0	53	0.015209	Saline
17	1	53	0.005343	LSD_0.1
13	0	53	0.003254	Saline
3	2	53	0.006206	LSD_0.3
20	1	53	0.007177	LSD_0.1
21	2	53	0.022872	LSD_0.3
2	1	53	0.002870	LSD_0.1
10	0	53	0.003393	Saline
4	0	53	0.004756	Saline
8	1	53	0.009139	LSD_0.1
9	2	53	0.008657	LSD_0.3
15	2	53	0.000751	LSD_0.3
1	0	53	0.005236	Saline
14	1	53	0.004865	LSD_0.1
7	0	53	0.003962	Saline
12	2	53	0.002583	LSD_0.3
11	1	53	0.005554	LSD_0.1
5	1	53	0.004141	LSD_0.1
6	2	53	0.006687	LSD_0.3
22	0	54	0.002121	Saline
23	1	54	0.007160	LSD_0.1
16	0	54	0.000915	Saline
18	2	54	0.005467	LSD_0.3
24	2	54	0.010000	LSD_0.3
19	0	54	0.002091	Saline
17	1	54	0.005019	LSD_0.1
13	0	54	0.002237	Saline
3	2	54	0.009687	LSD_0.3
20	1	54	0.008899	LSD_0.1
21	2	54	0.004574	LSD_0.3
2	1	54	0.009286	LSD_0.1
10	0	54	0.001131	Saline
4	0	54	0.005944	Saline
8	1	54	0.005839	LSD_0.1
9	2	54	0.010074	LSD_0.3
15	2	54	0.011768	LSD_0.3
1	0	54	0.003141	Saline
14	1	54	0.002432	LSD_0.1
7	0	54	0.003668	Saline
12	2	54	0.010010	LSD_0.3
11	1	54	0.014690	LSD_0.1
5	1	54	0.002607	LSD_0.1
6	2	54	0.006471	LSD_0.3
22	0	55	0.010798	Saline
23	1	55	0.001332	LSD_0.1
16	0	55	0.001830	Saline
18	2	55	0.010024	LSD_0.3
24	2	55	0.002000	LSD_0.3
19	0	55	0.006844	Saline
17	1	55	0.007448	LSD_0.1
13	0	55	0.010169	Saline
3	2	55	0.004389	LSD_0.3
20	1	55	0.004450	LSD_0.1
21	2	55	0.017789	LSD_0.3
2	1	55	0.002026	LSD_0.1
10	0	55	0.001293	Saline
4	0	55	0.001783	Saline
8	1	55	0.007616	LSD_0.1
9	2	55	0.008657	LSD_0.3
15	2	55	0.004507	LSD_0.3
1	0	55	0.023455	Saline
14	1	55	0.003730	LSD_0.1
7	0	55	0.002494	Saline
12	2	55	0.001453	LSD_0.3
11	1	55	0.003762	LSD_0.1
5	1	55	0.003374	LSD_0.1
6	2	55	0.011432	LSD_0.3
22	0	56	0.013691	Saline
23	1	56	0.002997	LSD_0.1
16	0	56	0.000654	Saline
18	2	56	0.004738	LSD_0.3
24	2	56	0.001167	LSD_0.3
19	0	56	0.016350	Saline
17	1	56	0.001943	LSD_0.1
13	0	56	0.004068	Saline
3	2	56	0.007265	LSD_0.3
20	1	56	0.003875	LSD_0.1
21	2	56	0.016264	LSD_0.3
2	1	56	0.005572	LSD_0.1
10	0	56	0.000162	Saline
4	0	56	0.007282	Saline
8	1	56	0.003300	LSD_0.1
9	2	56	0.007555	LSD_0.3
15	2	56	0.000751	LSD_0.3
1	0	56	0.015707	Saline
14	1	56	0.003567	LSD_0.1
7	0	56	0.004255	Saline
12	2	56	0.007588	LSD_0.3
11	1	56	0.009674	LSD_0.1
5	1	56	0.003374	LSD_0.1
6	2	56	0.004098	LSD_0.3
22	0	57	0.010798	Saline
23	1	57	0.005328	LSD_0.1
16	0	57	0.001176	Saline
18	2	57	0.007472	LSD_0.3
24	2	57	0.000500	LSD_0.3
19	0	57	0.011977	Saline
17	1	57	0.009229	LSD_0.1
13	0	57	0.021354	Saline
3	2	57	0.002270	LSD_0.3
20	1	57	0.002584	LSD_0.1
21	2	57	0.019822	LSD_0.3
2	1	57	0.004390	LSD_0.1
10	0	57	0.005494	Saline
4	0	57	0.001932	Saline
8	1	57	0.004824	LSD_0.1
9	2	57	0.003306	LSD_0.3
15	2	57	0.001002	LSD_0.3
1	0	57	0.006911	Saline
14	1	57	0.009729	LSD_0.1
7	0	57	0.002201	Saline
12	2	57	0.001292	LSD_0.3
11	1	57	0.003762	LSD_0.1
5	1	57	0.005521	LSD_0.1
6	2	57	0.003883	LSD_0.3
22	0	58	0.004628	Saline
23	1	58	0.000167	LSD_0.1
16	0	58	0.028624	Saline
18	2	58	0.000182	LSD_0.3
24	2	58	0.013167	LSD_0.3
19	0	58	0.000190	Saline
17	1	58	0.015868	LSD_0.1
13	0	58	0.000610	Saline
3	2	58	0.000151	LSD_0.3
20	1	58	0.000144	LSD_0.1
21	2	58	0.001271	LSD_0.3
2	1	58	0.000338	LSD_0.1
10	0	58	0.000162	Saline
4	0	58	0.000149	Saline
8	1	58	0.001777	LSD_0.1
9	2	58	0.020620	LSD_0.3
15	2	58	0.000000	LSD_0.3
1	0	58	0.016545	Saline
14	1	58	0.008108	LSD_0.1
7	0	58	0.000293	Saline
12	2	58	0.000000	LSD_0.3
11	1	58	0.000000	LSD_0.1
5	1	58	0.000767	LSD_0.1
6	2	58	0.014452	LSD_0.3
22	0	59	0.001735	Saline
23	1	59	0.007326	LSD_0.1
16	0	59	0.002091	Saline
18	2	59	0.008201	LSD_0.3
24	2	59	0.006500	LSD_0.3
19	0	59	0.002471	Saline
17	1	59	0.003886	LSD_0.1
13	0	59	0.000407	Saline
3	2	59	0.006206	LSD_0.3
20	1	59	0.011196	LSD_0.1
21	2	59	0.001017	LSD_0.3
2	1	59	0.010805	LSD_0.1
10	0	59	0.006786	Saline
4	0	59	0.010997	Saline
8	1	59	0.005077	LSD_0.1
9	2	59	0.009287	LSD_0.3
15	2	59	0.004757	LSD_0.3
1	0	59	0.002513	Saline
14	1	59	0.000162	LSD_0.1
7	0	59	0.004255	Saline
12	2	59	0.008557	LSD_0.3
11	1	59	0.009853	LSD_0.1
5	1	59	0.001534	LSD_0.1
6	2	59	0.003883	LSD_0.3
22	0	60	0.011570	Saline
23	1	60	0.001499	LSD_0.1
16	0	60	0.007581	Saline
18	2	60	0.002369	LSD_0.3
24	2	60	0.001500	LSD_0.3
19	0	60	0.013878	Saline
17	1	60	0.001133	LSD_0.1
13	0	60	0.023388	Saline
3	2	60	0.003027	LSD_0.3
20	1	60	0.001292	LSD_0.1
21	2	60	0.009657	LSD_0.3
2	1	60	0.003546	LSD_0.1
10	0	60	0.001939	Saline
4	0	60	0.002229	Saline
8	1	60	0.003554	LSD_0.1
9	2	60	0.012907	LSD_0.3
15	2	60	0.000000	LSD_0.3
1	0	60	0.026597	Saline
14	1	60	0.003567	LSD_0.1
7	0	60	0.001467	Saline
12	2	60	0.000161	LSD_0.3
11	1	60	0.001612	LSD_0.1
5	1	60	0.006595	LSD_0.1
6	2	60	0.000647	LSD_0.3
22	0	61	0.000771	Saline
23	1	61	0.022478	LSD_0.1
16	0	61	0.024311	Saline
18	2	61	0.003827	LSD_0.3
24	2	61	0.003333	LSD_0.3
19	0	61	0.000570	Saline
17	1	61	0.004210	LSD_0.1
13	0	61	0.000610	Saline
3	2	61	0.003330	LSD_0.3
20	1	61	0.006603	LSD_0.1
21	2	61	0.000000	LSD_0.3
2	1	61	0.005909	LSD_0.1
10	0	61	0.001293	Saline
4	0	61	0.010849	Saline
8	1	61	0.001269	LSD_0.1
9	2	61	0.005352	LSD_0.3
15	2	61	0.005008	LSD_0.3
1	0	61	0.002304	Saline
14	1	61	0.000000	LSD_0.1
7	0	61	0.002348	Saline
12	2	61	0.004198	LSD_0.3
11	1	61	0.009316	LSD_0.1
5	1	61	0.000460	LSD_0.1
6	2	61	0.004098	LSD_0.3
22	0	62	0.000771	Saline
23	1	62	0.008492	LSD_0.1
16	0	62	0.003790	Saline
18	2	62	0.004009	LSD_0.3
24	2	62	0.003500	LSD_0.3
19	0	62	0.006274	Saline
17	1	62	0.007124	LSD_0.1
13	0	62	0.000203	Saline
3	2	62	0.011654	LSD_0.3
20	1	62	0.011339	LSD_0.1
21	2	62	0.000254	LSD_0.3
2	1	62	0.014857	LSD_0.1
10	0	62	0.006625	Saline
4	0	62	0.009362	Saline
8	1	62	0.002285	LSD_0.1
9	2	62	0.007083	LSD_0.3
15	2	62	0.002003	LSD_0.3
1	0	62	0.004607	Saline
14	1	62	0.000649	LSD_0.1
7	0	62	0.004109	Saline
12	2	62	0.005974	LSD_0.3
11	1	62	0.004837	LSD_0.1
5	1	62	0.002607	LSD_0.1
6	2	62	0.001079	LSD_0.3
22	0	63	0.011762	Saline
23	1	63	0.010989	LSD_0.1
16	0	63	0.000654	Saline
18	2	63	0.007290	LSD_0.3
24	2	63	0.002167	LSD_0.3
19	0	63	0.007795	Saline
17	1	63	0.002915	LSD_0.1
13	0	63	0.004068	Saline
3	2	63	0.003633	LSD_0.3
20	1	63	0.001435	LSD_0.1
21	2	63	0.018806	LSD_0.3
2	1	63	0.006078	LSD_0.1
10	0	63	0.002101	Saline
4	0	63	0.005201	Saline
8	1	63	0.008632	LSD_0.1
9	2	63	0.004250	LSD_0.3
15	2	63	0.004757	LSD_0.3
1	0	63	0.004188	Saline
14	1	63	0.004540	LSD_0.1
7	0	63	0.004402	Saline
12	2	63	0.005489	LSD_0.3
11	1	63	0.004658	LSD_0.1
5	1	63	0.005982	LSD_0.1
6	2	63	0.009275	LSD_0.3
22	0	64	0.007327	Saline
23	1	64	0.012987	LSD_0.1
16	0	64	0.004313	Saline
18	2	64	0.005467	LSD_0.3
24	2	64	0.007167	LSD_0.3
19	0	64	0.006844	Saline
17	1	64	0.000486	LSD_0.1
13	0	64	0.012406	Saline
3	2	64	0.007265	LSD_0.3
20	1	64	0.004593	LSD_0.1
21	2	64	0.001525	LSD_0.3
2	1	64	0.005740	LSD_0.1
10	0	64	0.008564	Saline
4	0	64	0.003864	Saline
8	1	64	0.004062	LSD_0.1
9	2	64	0.000315	LSD_0.3
15	2	64	0.004006	LSD_0.3
1	0	64	0.000419	Saline
14	1	64	0.004540	LSD_0.1
7	0	64	0.008657	Saline
12	2	64	0.002583	LSD_0.3
11	1	64	0.005912	LSD_0.1
5	1	64	0.007515	LSD_0.1
6	2	64	0.001510	LSD_0.3
22	0	65	0.006363	Saline
23	1	65	0.001665	LSD_0.1
16	0	65	0.007973	Saline
18	2	65	0.001093	LSD_0.3
24	2	65	0.003000	LSD_0.3
19	0	65	0.008745	Saline
17	1	65	0.007124	LSD_0.1
13	0	65	0.008338	Saline
3	2	65	0.002573	LSD_0.3
20	1	65	0.005454	LSD_0.1
21	2	65	0.010673	LSD_0.3
2	1	65	0.000507	LSD_0.1
10	0	65	0.001616	Saline
4	0	65	0.000743	Saline
8	1	65	0.004062	LSD_0.1
9	2	65	0.014167	LSD_0.3
15	2	65	0.000000	LSD_0.3
1	0	65	0.021152	Saline
14	1	65	0.003081	LSD_0.1
7	0	65	0.000734	Saline
12	2	65	0.000323	LSD_0.3
11	1	65	0.001254	LSD_0.1
5	1	65	0.002607	LSD_0.1
6	2	65	0.001941	LSD_0.3
22	0	66	0.006556	Saline
23	1	66	0.006327	LSD_0.1
16	0	66	0.007058	Saline
18	2	66	0.000729	LSD_0.3
24	2	66	0.005833	LSD_0.3
19	0	66	0.005894	Saline
17	1	66	0.001295	LSD_0.1
13	0	66	0.002847	Saline
3	2	66	0.003481	LSD_0.3
20	1	66	0.007751	LSD_0.1
21	2	66	0.000762	LSD_0.3
2	1	66	0.002701	LSD_0.1
10	0	66	0.002262	Saline
4	0	66	0.006539	Saline
8	1	66	0.001777	LSD_0.1
9	2	66	0.002204	LSD_0.3
15	2	66	0.000501	LSD_0.3
1	0	66	0.001675	Saline
14	1	66	0.006324	LSD_0.1
7	0	66	0.008511	Saline
12	2	66	0.004843	LSD_0.3
11	1	66	0.004300	LSD_0.1
5	1	66	0.007975	LSD_0.1
6	2	66	0.005824	LSD_0.3
22	0	67	0.007327	Saline
23	1	67	0.010656	LSD_0.1
16	0	67	0.007973	Saline
18	2	67	0.002734	LSD_0.3
24	2	67	0.011167	LSD_0.3
19	0	67	0.004373	Saline
17	1	67	0.000000	LSD_0.1
13	0	67	0.002441	Saline
3	2	67	0.004995	LSD_0.3
20	1	67	0.001292	LSD_0.1
21	2	67	0.001525	LSD_0.3
2	1	67	0.004896	LSD_0.1
10	0	67	0.002747	Saline
4	0	67	0.001932	Saline
8	1	67	0.005077	LSD_0.1
9	2	67	0.000630	LSD_0.3
15	2	67	0.003505	LSD_0.3
1	0	67	0.000209	Saline
14	1	67	0.007135	LSD_0.1
7	0	67	0.007777	Saline
12	2	67	0.001292	LSD_0.3
11	1	67	0.001612	LSD_0.1
5	1	67	0.010736	LSD_0.1
6	2	67	0.002157	LSD_0.3
22	0	68	0.003664	Saline
23	1	68	0.001832	LSD_0.1
16	0	68	0.000131	Saline
18	2	68	0.020230	LSD_0.3
24	2	68	0.000167	LSD_0.3
19	0	68	0.001331	Saline
17	1	68	0.000810	LSD_0.1
13	0	68	0.001830	Saline
3	2	68	0.003027	LSD_0.3
20	1	68	0.000000	LSD_0.1
21	2	68	0.016010	LSD_0.3
2	1	68	0.007429	LSD_0.1
10	0	68	0.000162	Saline
4	0	68	0.000149	Saline
8	1	68	0.014471	LSD_0.1
9	2	68	0.000157	LSD_0.3
15	2	68	0.019279	LSD_0.3
1	0	68	0.000209	Saline
14	1	68	0.000811	LSD_0.1
7	0	68	0.001614	Saline
12	2	68	0.000000	LSD_0.3
11	1	68	0.008957	LSD_0.1
5	1	68	0.000460	LSD_0.1
6	2	68	0.018982	LSD_0.3
22	0	69	0.005013	Saline
23	1	69	0.007160	LSD_0.1
16	0	69	0.000131	Saline
18	2	69	0.003827	LSD_0.3
24	2	69	0.000333	LSD_0.3
19	0	69	0.003612	Saline
17	1	69	0.002105	LSD_0.1
13	0	69	0.005084	Saline
3	2	69	0.002422	LSD_0.3
20	1	69	0.002727	LSD_0.1
21	2	69	0.007624	LSD_0.3
2	1	69	0.008442	LSD_0.1
10	0	69	0.002101	Saline
4	0	69	0.004607	Saline
8	1	69	0.002793	LSD_0.1
9	2	69	0.002204	LSD_0.3
15	2	69	0.003005	LSD_0.3
1	0	69	0.001257	Saline
14	1	69	0.001946	LSD_0.1
7	0	69	0.002641	Saline
12	2	69	0.010010	LSD_0.3
11	1	69	0.008599	LSD_0.1
5	1	69	0.003067	LSD_0.1
6	2	69	0.008412	LSD_0.3
22	0	70	0.004821	Saline
23	1	70	0.006327	LSD_0.1
16	0	70	0.002222	Saline
18	2	70	0.002916	LSD_0.3
24	2	70	0.003500	LSD_0.3
19	0	70	0.009696	Saline
17	1	70	0.000162	LSD_0.1
13	0	70	0.000610	Saline
3	2	70	0.004843	LSD_0.3
20	1	70	0.007177	LSD_0.1
21	2	70	0.001017	LSD_0.3
2	1	70	0.007260	LSD_0.1
10	0	70	0.001616	Saline
4	0	70	0.007876	Saline
8	1	70	0.002285	LSD_0.1
9	2	70	0.001731	LSD_0.3
15	2	70	0.000501	LSD_0.3
1	0	70	0.003351	Saline
14	1	70	0.002270	LSD_0.1
7	0	70	0.006456	Saline
12	2	70	0.007911	LSD_0.3
11	1	70	0.005016	LSD_0.1
5	1	70	0.000767	LSD_0.1
6	2	70	0.000863	LSD_0.3
22	0	71	0.002700	Saline
23	1	71	0.007493	LSD_0.1
16	0	71	0.003006	Saline
18	2	71	0.003463	LSD_0.3
24	2	71	0.004667	LSD_0.3
19	0	71	0.001331	Saline
17	1	71	0.002915	LSD_0.1
13	0	71	0.002847	Saline
3	2	71	0.006508	LSD_0.3
20	1	71	0.002153	LSD_0.1
21	2	71	0.005845	LSD_0.3
2	1	71	0.007091	LSD_0.1
10	0	71	0.000808	Saline
4	0	71	0.001932	Saline
8	1	71	0.002539	LSD_0.1
9	2	71	0.003935	LSD_0.3
15	2	71	0.003756	LSD_0.3
1	0	71	0.001675	Saline
14	1	71	0.003567	LSD_0.1
7	0	71	0.002348	Saline
12	2	71	0.002745	LSD_0.3
11	1	71	0.006808	LSD_0.1
5	1	71	0.009509	LSD_0.1
6	2	71	0.004098	LSD_0.3
22	0	72	0.001350	Saline
23	1	72	0.005828	LSD_0.1
16	0	72	0.004182	Saline
18	2	72	0.001093	LSD_0.3
24	2	72	0.006833	LSD_0.3
19	0	72	0.002091	Saline
17	1	72	0.008905	LSD_0.1
13	0	72	0.001220	Saline
3	2	72	0.004995	LSD_0.3
20	1	72	0.007177	LSD_0.1
21	2	72	0.000254	LSD_0.3
2	1	72	0.003883	LSD_0.1
10	0	72	0.002424	Saline
4	0	72	0.010551	Saline
8	1	72	0.000254	LSD_0.1
9	2	72	0.000944	LSD_0.3
15	2	72	0.001502	LSD_0.3
1	0	72	0.001047	Saline
14	1	72	0.002108	LSD_0.1
7	0	72	0.003375	Saline
12	2	72	0.007911	LSD_0.3
11	1	72	0.004300	LSD_0.1
5	1	72	0.002607	LSD_0.1
6	2	72	0.001726	LSD_0.3
22	0	73	0.000000	Saline
23	1	73	0.013653	LSD_0.1
16	0	73	0.003268	Saline
18	2	73	0.004009	LSD_0.3
24	2	73	0.003833	LSD_0.3
19	0	73	0.002281	Saline
17	1	73	0.003886	LSD_0.1
13	0	73	0.000000	Saline
3	2	73	0.004087	LSD_0.3
20	1	73	0.008325	LSD_0.1
21	2	73	0.000254	LSD_0.3
2	1	73	0.003039	LSD_0.1
10	0	73	0.003716	Saline
4	0	73	0.007579	Saline
8	1	73	0.002539	LSD_0.1
9	2	73	0.010074	LSD_0.3
15	2	73	0.002253	LSD_0.3
1	0	73	0.002723	Saline
14	1	73	0.000162	LSD_0.1
7	0	73	0.000293	Saline
12	2	73	0.005651	LSD_0.3
11	1	73	0.002329	LSD_0.1
5	1	73	0.000153	LSD_0.1
6	2	73	0.001294	LSD_0.3
22	0	74	0.000386	Saline
23	1	74	0.000000	LSD_0.1
16	0	74	0.010587	Saline
18	2	74	0.000000	LSD_0.3
24	2	74	0.001500	LSD_0.3
19	0	74	0.000190	Saline
17	1	74	0.015220	LSD_0.1
13	0	74	0.000000	Saline
3	2	74	0.000000	LSD_0.3
20	1	74	0.000574	LSD_0.1
21	2	74	0.000000	LSD_0.3
2	1	74	0.000000	LSD_0.1
10	0	74	0.000000	Saline
4	0	74	0.000000	Saline
8	1	74	0.000000	LSD_0.1
9	2	74	0.037148	LSD_0.3
15	2	74	0.000000	LSD_0.3
1	0	74	0.013822	Saline
14	1	74	0.001622	LSD_0.1
7	0	74	0.000000	Saline
12	2	74	0.000484	LSD_0.3
11	1	74	0.000000	LSD_0.1
5	1	74	0.000000	LSD_0.1
6	2	74	0.000647	LSD_0.3
22	0	75	0.005013	Saline
23	1	75	0.000999	LSD_0.1
16	0	75	0.006796	Saline
18	2	75	0.001093	LSD_0.3
24	2	75	0.000333	LSD_0.3
19	0	75	0.007224	Saline
17	1	75	0.002267	LSD_0.1
13	0	75	0.014033	Saline
3	2	75	0.000757	LSD_0.3
20	1	75	0.000431	LSD_0.1
21	2	75	0.005337	LSD_0.3
2	1	75	0.000675	LSD_0.1
10	0	75	0.000646	Saline
4	0	75	0.000297	Saline
8	1	75	0.000508	LSD_0.1
9	2	75	0.016213	LSD_0.3
15	2	75	0.000000	LSD_0.3
1	0	75	0.020105	Saline
14	1	75	0.001784	LSD_0.1
7	0	75	0.000147	Saline
12	2	75	0.000000	LSD_0.3
11	1	75	0.000537	LSD_0.1
5	1	75	0.001687	LSD_0.1
6	2	75	0.000000	LSD_0.3
22	0	76	0.001543	Saline
23	1	76	0.005162	LSD_0.1
16	0	76	0.003137	Saline
18	2	76	0.001458	LSD_0.3
24	2	76	0.008333	LSD_0.3
19	0	76	0.003042	Saline
17	1	76	0.002267	LSD_0.1
13	0	76	0.002644	Saline
3	2	76	0.004692	LSD_0.3
20	1	76	0.004162	LSD_0.1
21	2	76	0.001525	LSD_0.3
2	1	76	0.001857	LSD_0.1
10	0	76	0.001293	Saline
4	0	76	0.007579	Saline
8	1	76	0.002285	LSD_0.1
9	2	76	0.001889	LSD_0.3
15	2	76	0.003255	LSD_0.3
1	0	76	0.002513	Saline
14	1	76	0.002432	LSD_0.1
7	0	76	0.006163	Saline
12	2	76	0.002745	LSD_0.3
11	1	76	0.002150	LSD_0.1
5	1	76	0.004601	LSD_0.1
6	2	76	0.000863	LSD_0.3
22	0	77	0.001157	Saline
23	1	77	0.003663	LSD_0.1
16	0	77	0.000654	Saline
18	2	77	0.002187	LSD_0.3
24	2	77	0.001000	LSD_0.3
19	0	77	0.008935	Saline
17	1	77	0.001133	LSD_0.1
13	0	77	0.000000	Saline
3	2	77	0.006054	LSD_0.3
20	1	77	0.006028	LSD_0.1
21	2	77	0.000000	LSD_0.3
2	1	77	0.006922	LSD_0.1
10	0	77	0.004524	Saline
4	0	77	0.008174	Saline
8	1	77	0.001015	LSD_0.1
9	2	77	0.000000	LSD_0.3
15	2	77	0.001002	LSD_0.3
1	0	77	0.000000	Saline
14	1	77	0.000162	LSD_0.1
7	0	77	0.002348	Saline
12	2	77	0.006619	LSD_0.3
11	1	77	0.010391	LSD_0.1
5	1	77	0.000153	LSD_0.1
6	2	77	0.000216	LSD_0.3
22	0	78	0.000000	Saline
23	1	78	0.006993	LSD_0.1
16	0	78	0.000654	Saline
18	2	78	0.015856	LSD_0.3
24	2	78	0.006333	LSD_0.3
19	0	78	0.001331	Saline
17	1	78	0.000162	LSD_0.1
13	0	78	0.000203	Saline
3	2	78	0.005449	LSD_0.3
20	1	78	0.000431	LSD_0.1
21	2	78	0.005337	LSD_0.3
2	1	78	0.003377	LSD_0.1
10	0	78	0.002585	Saline
4	0	78	0.001486	Saline
8	1	78	0.008124	LSD_0.1
9	2	78	0.000944	LSD_0.3
15	2	78	0.012268	LSD_0.3
1	0	78	0.000209	Saline
14	1	78	0.000000	LSD_0.1
7	0	78	0.001614	Saline
12	2	78	0.000484	LSD_0.3
11	1	78	0.003762	LSD_0.1
5	1	78	0.000307	LSD_0.1
6	2	78	0.000216	LSD_0.3
22	0	79	0.004242	Saline
23	1	79	0.000500	LSD_0.1
16	0	79	0.000784	Saline
18	2	79	0.000547	LSD_0.3
24	2	79	0.000667	LSD_0.3
19	0	79	0.012738	Saline
17	1	79	0.001133	LSD_0.1
13	0	79	0.005084	Saline
3	2	79	0.000605	LSD_0.3
20	1	79	0.000144	LSD_0.1
21	2	79	0.005083	LSD_0.3
2	1	79	0.001013	LSD_0.1
10	0	79	0.001454	Saline
4	0	79	0.003567	Saline
8	1	79	0.001015	LSD_0.1
9	2	79	0.015426	LSD_0.3
15	2	79	0.000000	LSD_0.3
1	0	79	0.003141	Saline
14	1	79	0.002108	LSD_0.1
7	0	79	0.000734	Saline
12	2	79	0.003552	LSD_0.3
11	1	79	0.001791	LSD_0.1
5	1	79	0.002301	LSD_0.1
6	2	79	0.005393	LSD_0.3
22	0	80	0.001350	Saline
23	1	80	0.006494	LSD_0.1
16	0	80	0.001046	Saline
18	2	80	0.009295	LSD_0.3
24	2	80	0.004000	LSD_0.3
19	0	80	0.001711	Saline
17	1	80	0.000324	LSD_0.1
13	0	80	0.002237	Saline
3	2	80	0.006054	LSD_0.3
20	1	80	0.000861	LSD_0.1
21	2	80	0.001525	LSD_0.3
2	1	80	0.005403	LSD_0.1
10	0	80	0.000485	Saline
4	0	80	0.001337	Saline
8	1	80	0.001777	LSD_0.1
9	2	80	0.000787	LSD_0.3
15	2	80	0.003756	LSD_0.3
1	0	80	0.000838	Saline
14	1	80	0.001297	LSD_0.1
7	0	80	0.001614	Saline
12	2	80	0.000646	LSD_0.3
11	1	80	0.010211	LSD_0.1
5	1	80	0.000460	LSD_0.1
6	2	80	0.004314	LSD_0.3
22	0	81	0.000193	Saline
23	1	81	0.002498	LSD_0.1
16	0	81	0.003790	Saline
18	2	81	0.009841	LSD_0.3
24	2	81	0.001667	LSD_0.3
19	0	81	0.002662	Saline
17	1	81	0.000162	LSD_0.1
13	0	81	0.000407	Saline
3	2	81	0.004995	LSD_0.3
20	1	81	0.001148	LSD_0.1
21	2	81	0.000762	LSD_0.3
2	1	81	0.011312	LSD_0.1
10	0	81	0.002101	Saline
4	0	81	0.000297	Saline
8	1	81	0.000508	LSD_0.1
9	2	81	0.000157	LSD_0.3
15	2	81	0.006259	LSD_0.3
1	0	81	0.000209	Saline
14	1	81	0.000811	LSD_0.1
7	0	81	0.001174	Saline
12	2	81	0.001292	LSD_0.3
11	1	81	0.008599	LSD_0.1
5	1	81	0.000613	LSD_0.1
6	2	81	0.003451	LSD_0.3
22	0	82	0.004821	Saline
23	1	82	0.000666	LSD_0.1
16	0	82	0.000000	Saline
18	2	82	0.005650	LSD_0.3
24	2	82	0.000667	LSD_0.3
19	0	82	0.003992	Saline
17	1	82	0.000162	LSD_0.1
13	0	82	0.008745	Saline
3	2	82	0.001211	LSD_0.3
20	1	82	0.000144	LSD_0.1
21	2	82	0.016264	LSD_0.3
2	1	82	0.000507	LSD_0.1
10	0	82	0.000162	Saline
4	0	82	0.000446	Saline
8	1	82	0.001523	LSD_0.1
9	2	82	0.001731	LSD_0.3
15	2	82	0.007261	LSD_0.3
1	0	82	0.000000	Saline
14	1	82	0.000486	LSD_0.1
7	0	82	0.001321	Saline
12	2	82	0.000000	LSD_0.3
11	1	82	0.002508	LSD_0.1
5	1	82	0.000767	LSD_0.1
6	2	82	0.011864	LSD_0.3
22	0	83	0.000000	Saline
23	1	83	0.000000	LSD_0.1
16	0	83	0.000000	Saline
18	2	83	0.000364	LSD_0.3
24	2	83	0.000000	LSD_0.3
19	0	83	0.000000	Saline
17	1	83	0.000000	LSD_0.1
13	0	83	0.001017	Saline
3	2	83	0.000000	LSD_0.3
20	1	83	0.000000	LSD_0.1
21	2	83	0.000000	LSD_0.3
2	1	83	0.000000	LSD_0.1
10	0	83	0.000000	Saline
4	0	83	0.000000	Saline
8	1	83	0.080223	LSD_0.1
9	2	83	0.000000	LSD_0.3
15	2	83	0.000000	LSD_0.3
1	0	83	0.000000	Saline
14	1	83	0.000000	LSD_0.1
7	0	83	0.000000	Saline
12	2	83	0.000000	LSD_0.3
11	1	83	0.000000	LSD_0.1
5	1	83	0.000000	LSD_0.1
6	2	83	0.000000	LSD_0.3
22	0	84	0.002507	Saline
23	1	84	0.002498	LSD_0.1
16	0	84	0.000000	Saline
18	2	84	0.015673	LSD_0.3
24	2	84	0.000500	LSD_0.3
19	0	84	0.003232	Saline
17	1	84	0.000486	LSD_0.1
13	0	84	0.002441	Saline
3	2	84	0.003178	LSD_0.3
20	1	84	0.000000	LSD_0.1
21	2	84	0.007878	LSD_0.3
2	1	84	0.001351	LSD_0.1
10	0	84	0.000162	Saline
4	0	84	0.000149	Saline
8	1	84	0.000762	LSD_0.1
9	2	84	0.000315	LSD_0.3
15	2	84	0.010766	LSD_0.3
1	0	84	0.000209	Saline
14	1	84	0.000324	LSD_0.1
7	0	84	0.000880	Saline
12	2	84	0.000161	LSD_0.3
11	1	84	0.002866	LSD_0.1
5	1	84	0.000613	LSD_0.1
6	2	84	0.006040	LSD_0.3
22	0	85	0.000000	Saline
23	1	85	0.000000	LSD_0.1
16	0	85	0.000000	Saline
18	2	85	0.049936	LSD_0.3
24	2	85	0.000000	LSD_0.3
19	0	85	0.000190	Saline
17	1	85	0.000000	LSD_0.1
13	0	85	0.000203	Saline
3	2	85	0.000151	LSD_0.3
20	1	85	0.000000	LSD_0.1
21	2	85	0.004066	LSD_0.3
2	1	85	0.000000	LSD_0.1
10	0	85	0.000000	Saline
4	0	85	0.000000	Saline
8	1	85	0.001269	LSD_0.1
9	2	85	0.000000	LSD_0.3
15	2	85	0.001252	LSD_0.3
1	0	85	0.000000	Saline
14	1	85	0.000000	LSD_0.1
7	0	85	0.000000	Saline
12	2	85	0.000000	LSD_0.3
11	1	85	0.000000	LSD_0.1
5	1	85	0.000000	LSD_0.1
6	2	85	0.000216	LSD_0.3
22	0	86	0.000000	Saline
23	1	86	0.000000	LSD_0.1
16	0	86	0.000654	Saline
18	2	86	0.000000	LSD_0.3
24	2	86	0.000000	LSD_0.3
19	0	86	0.000000	Saline
17	1	86	0.004858	LSD_0.1
13	0	86	0.000000	Saline
3	2	86	0.000000	LSD_0.3
20	1	86	0.000000	LSD_0.1
21	2	86	0.000000	LSD_0.3
2	1	86	0.000000	LSD_0.1
10	0	86	0.000000	Saline
4	0	86	0.000000	Saline
8	1	86	0.000000	LSD_0.1
9	2	86	0.021407	LSD_0.3
15	2	86	0.000000	LSD_0.3
1	0	86	0.005236	Saline
14	1	86	0.000000	LSD_0.1
7	0	86	0.000000	Saline
12	2	86	0.000000	LSD_0.3
11	1	86	0.000000	LSD_0.1
5	1	86	0.000000	LSD_0.1
6	2	86	0.000000	LSD_0.3
22	0	87	0.000193	Saline
23	1	87	0.000666	LSD_0.1
16	0	87	0.000000	Saline
18	2	87	0.009112	LSD_0.3
24	2	87	0.002333	LSD_0.3
19	0	87	0.000000	Saline
17	1	87	0.000162	LSD_0.1
13	0	87	0.000407	Saline
3	2	87	0.001968	LSD_0.3
20	1	87	0.000000	LSD_0.1
21	2	87	0.014231	LSD_0.3
2	1	87	0.000338	LSD_0.1
10	0	87	0.000646	Saline
4	0	87	0.000297	Saline
8	1	87	0.004824	LSD_0.1
9	2	87	0.000000	LSD_0.3
15	2	87	0.001753	LSD_0.3
1	0	87	0.000000	Saline
14	1	87	0.000000	LSD_0.1
7	0	87	0.000440	Saline
12	2	87	0.000000	LSD_0.3
11	1	87	0.001971	LSD_0.1
5	1	87	0.000307	LSD_0.1
6	2	87	0.000647	LSD_0.3
22	0	88	0.001350	Saline
23	1	88	0.001166	LSD_0.1
16	0	88	0.000261	Saline
18	2	88	0.004009	LSD_0.3
24	2	88	0.000000	LSD_0.3
19	0	88	0.000760	Saline
17	1	88	0.000000	LSD_0.1
13	0	88	0.000000	Saline
3	2	88	0.002119	LSD_0.3
20	1	88	0.000144	LSD_0.1
21	2	88	0.002541	LSD_0.3
2	1	88	0.001351	LSD_0.1
10	0	88	0.000000	Saline
4	0	88	0.000000	Saline
8	1	88	0.002539	LSD_0.1
9	2	88	0.000000	LSD_0.3
15	2	88	0.000501	LSD_0.3
1	0	88	0.000000	Saline
14	1	88	0.000000	LSD_0.1
7	0	88	0.000880	Saline
12	2	88	0.000000	LSD_0.3
11	1	88	0.000179	LSD_0.1
5	1	88	0.000153	LSD_0.1
6	2	88	0.000000	LSD_0.3
22	0	89	0.000000	Saline
23	1	89	0.000000	LSD_0.1
16	0	89	0.000000	Saline
18	2	89	0.000000	LSD_0.3
24	2	89	0.000000	LSD_0.3
19	0	89	0.000000	Saline
17	1	89	0.000000	LSD_0.1
13	0	89	0.000000	Saline
3	2	89	0.000000	LSD_0.3
20	1	89	0.000000	LSD_0.1
21	2	89	0.000000	LSD_0.3
2	1	89	0.000000	LSD_0.1
10	0	89	0.000000	Saline
4	0	89	0.000000	Saline
8	1	89	0.023356	LSD_0.1
9	2	89	0.000000	LSD_0.3
15	2	89	0.000000	LSD_0.3
1	0	89	0.000000	Saline
14	1	89	0.000000	LSD_0.1
7	0	89	0.000000	Saline
12	2	89	0.000000	LSD_0.3
11	1	89	0.000000	LSD_0.1
5	1	89	0.000000	LSD_0.1
6	2	89	0.000000	LSD_0.3
22	0	90	0.000386	Saline
23	1	90	0.001665	LSD_0.1
16	0	90	0.000000	Saline
18	2	90	0.006014	LSD_0.3
24	2	90	0.000333	LSD_0.3
19	0	90	0.000190	Saline
17	1	90	0.000000	LSD_0.1
13	0	90	0.000610	Saline
3	2	90	0.001059	LSD_0.3
20	1	90	0.000000	LSD_0.1
21	2	90	0.003812	LSD_0.3
2	1	90	0.000169	LSD_0.1
10	0	90	0.000000	Saline
4	0	90	0.000000	Saline
8	1	90	0.000762	LSD_0.1
9	2	90	0.000000	LSD_0.3
15	2	90	0.000000	LSD_0.3
1	0	90	0.000000	Saline
14	1	90	0.000000	LSD_0.1
7	0	90	0.000440	Saline
12	2	90	0.000161	LSD_0.3
11	1	90	0.000717	LSD_0.1
5	1	90	0.000000	LSD_0.1
6	2	90	0.000863	LSD_0.3
22	0	91	0.000000	Saline
23	1	91	0.000000	LSD_0.1
16	0	91	0.000000	Saline
18	2	91	0.000000	LSD_0.3
24	2	91	0.000000	LSD_0.3
19	0	91	0.000000	Saline
17	1	91	0.000000	LSD_0.1
13	0	91	0.000000	Saline
3	2	91	0.000000	LSD_0.3
20	1	91	0.000000	LSD_0.1
21	2	91	0.000000	LSD_0.3
2	1	91	0.000000	LSD_0.1
10	0	91	0.000000	Saline
4	0	91	0.000000	Saline
8	1	91	0.020310	LSD_0.1
9	2	91	0.000000	LSD_0.3
15	2	91	0.000000	LSD_0.3
1	0	91	0.000000	Saline
14	1	91	0.000000	LSD_0.1
7	0	91	0.000000	Saline
12	2	91	0.000000	LSD_0.3
11	1	91	0.000000	LSD_0.1
5	1	91	0.000000	LSD_0.1
6	2	91	0.000000	LSD_0.3
22	0	92	0.000000	Saline
23	1	92	0.000333	LSD_0.1
16	0	92	0.000261	Saline
18	2	92	0.000000	LSD_0.3
24	2	92	0.000000	LSD_0.3
19	0	92	0.000000	Saline
17	1	92	0.000486	LSD_0.1
13	0	92	0.000000	Saline
3	2	92	0.000000	LSD_0.3
20	1	92	0.000144	LSD_0.1
21	2	92	0.000000	LSD_0.3
2	1	92	0.000000	LSD_0.1
10	0	92	0.000000	Saline
4	0	92	0.000000	Saline
8	1	92	0.000000	LSD_0.1
9	2	92	0.000000	LSD_0.3
15	2	92	0.000250	LSD_0.3
1	0	92	0.000000	Saline
14	1	92	0.000000	LSD_0.1
7	0	92	0.000147	Saline
12	2	92	0.000161	LSD_0.3
11	1	92	0.000179	LSD_0.1
5	1	92	0.000000	LSD_0.1
6	2	92	0.000216	LSD_0.3
22	0	93	0.000000	Saline
23	1	93	0.000000	LSD_0.1
16	0	93	0.000131	Saline
18	2	93	0.000182	LSD_0.3
24	2	93	0.000000	LSD_0.3
19	0	93	0.000000	Saline
17	1	93	0.000162	LSD_0.1
13	0	93	0.000000	Saline
3	2	93	0.000000	LSD_0.3
20	1	93	0.000000	LSD_0.1
21	2	93	0.000000	LSD_0.3
2	1	93	0.000000	LSD_0.1
10	0	93	0.000323	Saline
4	0	93	0.000149	Saline
8	1	93	0.000000	LSD_0.1
9	2	93	0.000157	LSD_0.3
15	2	93	0.000000	LSD_0.3
1	0	93	0.000000	Saline
14	1	93	0.000000	LSD_0.1
7	0	93	0.000000	Saline
12	2	93	0.000161	LSD_0.3
11	1	93	0.000000	LSD_0.1
5	1	93	0.000000	LSD_0.1
6	2	93	0.000000	LSD_0.3
22	0	94	0.000000	Saline
23	1	94	0.000000	LSD_0.1
16	0	94	0.000000	Saline
18	2	94	0.000182	LSD_0.3
24	2	94	0.000167	LSD_0.3
19	0	94	0.000000	Saline
17	1	94	0.000000	LSD_0.1
13	0	94	0.000000	Saline
3	2	94	0.000000	LSD_0.3
20	1	94	0.000000	LSD_0.1
21	2	94	0.000000	LSD_0.3
2	1	94	0.000000	LSD_0.1
10	0	94	0.000000	Saline
4	0	94	0.000000	Saline
8	1	94	0.000000	LSD_0.1
9	2	94	0.000000	LSD_0.3
15	2	94	0.000501	LSD_0.3
1	0	94	0.000000	Saline
14	1	94	0.000000	LSD_0.1
7	0	94	0.000000	Saline
12	2	94	0.000000	LSD_0.3
11	1	94	0.000179	LSD_0.1
5	1	94	0.000000	LSD_0.1
6	2	94	0.000000	LSD_0.3
22	0	95	0.000000	Saline
23	1	95	0.000000	LSD_0.1
16	0	95	0.000261	Saline
18	2	95	0.000000	LSD_0.3
24	2	95	0.000000	LSD_0.3
19	0	95	0.000000	Saline
17	1	95	0.000000	LSD_0.1
13	0	95	0.000000	Saline
3	2	95	0.000000	LSD_0.3
20	1	95	0.000144	LSD_0.1
21	2	95	0.000000	LSD_0.3
2	1	95	0.000000	LSD_0.1
10	0	95	0.000162	Saline
4	0	95	0.000000	Saline
8	1	95	0.000000	LSD_0.1
9	2	95	0.000000	LSD_0.3
15	2	95	0.000000	LSD_0.3
1	0	95	0.000000	Saline
14	1	95	0.000000	LSD_0.1
7	0	95	0.000000	Saline
12	2	95	0.000000	LSD_0.3
11	1	95	0.000000	LSD_0.1
5	1	95	0.000000	LSD_0.1
6	2	95	0.000000	LSD_0.3
22	0	96	0.000000	Saline
23	1	96	0.000333	LSD_0.1
16	0	96	0.000000	Saline
18	2	96	0.000000	LSD_0.3
24	2	96	0.000000	LSD_0.3
19	0	96	0.000000	Saline
17	1	96	0.000000	LSD_0.1
13	0	96	0.000000	Saline
3	2	96	0.000151	LSD_0.3
20	1	96	0.000000	LSD_0.1
21	2	96	0.000000	LSD_0.3
2	1	96	0.000000	LSD_0.1
10	0	96	0.000000	Saline
4	0	96	0.000000	Saline
8	1	96	0.000000	LSD_0.1
9	2	96	0.000157	LSD_0.3
15	2	96	0.000000	LSD_0.3
1	0	96	0.000000	Saline
14	1	96	0.000000	LSD_0.1
7	0	96	0.000000	Saline
12	2	96	0.000000	LSD_0.3
11	1	96	0.000000	LSD_0.1
5	1	96	0.000000	LSD_0.1
6	2	96	0.000000	LSD_0.3
22	0	97	0.000000	Saline
23	1	97	0.000000	LSD_0.1
16	0	97	0.000000	Saline
18	2	97	0.000000	LSD_0.3
24	2	97	0.000000	LSD_0.3
19	0	97	0.000000	Saline
17	1	97	0.000000	LSD_0.1
13	0	97	0.000000	Saline
3	2	97	0.000000	LSD_0.3
20	1	97	0.000000	LSD_0.1
21	2	97	0.000000	LSD_0.3
2	1	97	0.000000	LSD_0.1
10	0	97	0.000162	Saline
4	0	97	0.000149	Saline
8	1	97	0.000000	LSD_0.1
9	2	97	0.000000	LSD_0.3
15	2	97	0.000000	LSD_0.3
1	0	97	0.000000	Saline
14	1	97	0.000000	LSD_0.1
7	0	97	0.000000	Saline
12	2	97	0.000000	LSD_0.3
11	1	97	0.000179	LSD_0.1
5	1	97	0.000000	LSD_0.1
6	2	97	0.000000	LSD_0.3
22	0	98	0.000000	Saline
23	1	98	0.000000	LSD_0.1
16	0	98	0.000000	Saline
18	2	98	0.000000	LSD_0.3
24	2	98	0.000000	LSD_0.3
19	0	98	0.000000	Saline
17	1	98	0.000000	LSD_0.1
13	0	98	0.000000	Saline
3	2	98	0.000151	LSD_0.3
20	1	98	0.000000	LSD_0.1
21	2	98	0.000000	LSD_0.3
2	1	98	0.000000	LSD_0.1
10	0	98	0.000000	Saline
4	0	98	0.000000	Saline
8	1	98	0.000000	LSD_0.1
9	2	98	0.000157	LSD_0.3
15	2	98	0.000000	LSD_0.3
1	0	98	0.000000	Saline
14	1	98	0.000000	LSD_0.1
7	0	98	0.000000	Saline
12	2	98	0.000000	LSD_0.3
11	1	98	0.000000	LSD_0.1
5	1	98	0.000000	LSD_0.1
6	2	98	0.000000	LSD_0.3
22	0	99	0.000000	Saline
23	1	99	0.000000	LSD_0.1
16	0	99	0.000000	Saline
18	2	99	0.000000	LSD_0.3
24	2	99	0.000000	LSD_0.3
19	0	99	0.000000	Saline
17	1	99	0.000162	LSD_0.1
13	0	99	0.000000	Saline
3	2	99	0.000000	LSD_0.3
20	1	99	0.000000	LSD_0.1
21	2	99	0.000000	LSD_0.3
2	1	99	0.000000	LSD_0.1
10	0	99	0.000000	Saline
4	0	99	0.000000	Saline
8	1	99	0.000000	LSD_0.1
9	2	99	0.000000	LSD_0.3
15	2	99	0.000000	LSD_0.3
1	0	99	0.000000	Saline
14	1	99	0.000000	LSD_0.1
7	0	99	0.000000	Saline
12	2	99	0.000000	LSD_0.3
11	1	99	0.000000	LSD_0.1
5	1	99	0.000000	LSD_0.1
6	2	99	0.000000	LSD_0.3
