subject	group	syllable	usage	treat
24	2	0	0.064490	Psilo_1
21	2	0	0.056679	Psilo_1
7	0	0	0.058900	Saline
1	0	0	0.057047	Saline
9	2	0	0.053430	Psilo_1
11	1	0	0.062042	Psilo_0.3
19	0	0	0.030140	Saline
20	1	0	0.041951	Psilo_0.3
16	0	0	0.025121	Saline
15	2	0	0.073300	Psilo_1
14	1	0	0.054901	Psilo_0.3
6	2	0	0.076780	Psilo_1
18	2	0	0.037315	Psilo_1
13	0	0	0.081747	Saline
4	0	0	0.053243	Saline
17	1	0	0.054079	Psilo_0.3
22	0	0	0.052770	Saline
2	1	0	0.049993	Psilo_0.3
10	0	0	0.066435	Saline
23	1	0	0.073872	Psilo_0.3
12	2	0	0.024014	Psilo_1
3	2	0	0.042702	Psilo_1
5	1	0	0.078298	Psilo_0.3
8	1	0	0.069582	Psilo_0.3
24	2	1	0.048036	Psilo_1
21	2	1	0.032169	Psilo_1
7	0	1	0.056314	Saline
1	0	1	0.051303	Saline
9	2	1	0.066496	Psilo_1
11	1	1	0.033564	Psilo_0.3
19	0	1	0.016663	Saline
20	1	1	0.036182	Psilo_0.3
16	0	1	0.038261	Saline
15	2	1	0.046546	Psilo_1
14	1	1	0.037700	Psilo_0.3
6	2	1	0.042524	Psilo_1
18	2	1	0.038735	Psilo_1
13	0	1	0.069869	Saline
4	0	1	0.056863	Saline
17	1	1	0.023263	Psilo_0.3
22	0	1	0.050140	Saline
2	1	1	0.046382	Psilo_0.3
10	0	1	0.045397	Saline
23	1	1	0.054851	Psilo_0.3
12	2	1	0.030623	Psilo_1
3	2	1	0.020608	Psilo_1
5	1	1	0.045853	Psilo_0.3
8	1	1	0.048763	Psilo_0.3
24	2	2	0.018047	Psilo_1
21	2	2	0.031250	Psilo_1
7	0	2	0.045539	Saline
1	0	2	0.086974	Saline
9	2	2	0.036048	Psilo_1
11	1	2	0.057771	Psilo_0.3
19	0	2	0.018623	Saline
20	1	2	0.014158	Psilo_0.3
16	0	2	0.050338	Saline
15	2	2	0.011545	Psilo_1
14	1	2	0.022856	Psilo_0.3
6	2	2	0.057881	Psilo_1
18	2	2	0.040560	Psilo_1
13	0	2	0.047336	Saline
4	0	2	0.042986	Saline
17	1	2	0.015106	Psilo_0.3
22	0	2	0.046687	Saline
2	1	2	0.012915	Psilo_0.3
10	0	2	0.049668	Saline
23	1	2	0.032881	Psilo_0.3
12	2	2	0.009253	Psilo_1
3	2	2	0.015296	Psilo_1
5	1	2	0.028969	Psilo_0.3
8	1	2	0.076568	Psilo_0.3
24	2	3	0.028662	Psilo_1
21	2	3	0.035846	Psilo_1
7	0	3	0.038931	Saline
1	0	3	0.035805	Saline
9	2	3	0.013182	Psilo_1
11	1	3	0.059805	Psilo_0.3
19	0	3	0.030875	Saline
20	1	3	0.029191	Psilo_0.3
16	0	3	0.014396	Saline
15	2	3	0.057358	Psilo_1
14	1	3	0.067154	Psilo_0.3
6	2	3	0.055349	Psilo_1
18	2	3	0.053539	Psilo_1
13	0	3	0.048210	Saline
4	0	3	0.037858	Saline
17	1	3	0.070091	Psilo_0.3
22	0	3	0.031399	Saline
2	1	3	0.037773	Psilo_0.3
10	0	3	0.023252	Saline
23	1	3	0.045119	Psilo_0.3
12	2	3	0.034809	Psilo_1
3	2	3	0.059061	Psilo_1
5	1	3	0.051482	Psilo_0.3
8	1	3	0.028084	Psilo_0.3
24	2	4	0.042197	Psilo_1
21	2	4	0.045956	Psilo_1
7	0	4	0.032036	Saline
1	0	4	0.028591	Saline
9	2	4	0.018432	Psilo_1
11	1	4	0.065500	Psilo_0.3
19	0	4	0.018133	Saline
20	1	4	0.035134	Psilo_0.3
16	0	4	0.015266	Saline
15	2	4	0.057541	Psilo_1
14	1	4	0.052074	Psilo_0.3
6	2	4	0.047924	Psilo_1
18	2	4	0.036301	Psilo_1
13	0	4	0.055546	Saline
4	0	4	0.038612	Saline
17	1	4	0.045921	Psilo_0.3
22	0	4	0.035180	Saline
2	1	4	0.039022	Psilo_0.3
10	0	4	0.047770	Saline
23	1	4	0.035830	Psilo_0.3
12	2	4	0.027319	Psilo_1
3	2	4	0.044402	Psilo_1
5	1	4	0.059096	Psilo_0.3
8	1	4	0.027246	Psilo_0.3
24	2	5	0.039278	Psilo_1
21	2	5	0.043199	Psilo_1
7	0	5	0.030599	Saline
1	0	5	0.019372	Saline
9	2	5	0.011666	Psilo_1
11	1	5	0.053092	Psilo_0.3
19	0	5	0.031365	Saline
20	1	5	0.030414	Psilo_0.3
16	0	5	0.005314	Saline
15	2	5	0.059190	Psilo_1
14	1	5	0.047125	Psilo_0.3
6	2	5	0.048768	Psilo_1
18	2	5	0.034070	Psilo_1
13	0	5	0.041048	Saline
4	0	5	0.040422	Saline
17	1	5	0.051662	Psilo_0.3
22	0	5	0.016768	Saline
2	1	5	0.022080	Psilo_0.3
10	0	5	0.034641	Saline
23	1	5	0.034503	Psilo_0.3
12	2	5	0.029742	Psilo_1
3	2	5	0.064585	Psilo_1
5	1	5	0.048005	Psilo_0.3
8	1	5	0.013833	Psilo_0.3
24	2	6	0.008493	Psilo_1
21	2	6	0.013480	Psilo_1
7	0	6	0.045827	Saline
1	0	6	0.031797	Saline
9	2	6	0.038147	Psilo_1
11	1	6	0.016680	Psilo_0.3
19	0	6	0.010047	Saline
20	1	6	0.034959	Psilo_0.3
16	0	6	0.028213	Saline
15	2	6	0.014294	Psilo_1
14	1	6	0.020028	Psilo_0.3
6	2	6	0.023625	Psilo_1
18	2	6	0.032651	Psilo_1
13	0	6	0.036332	Saline
4	0	6	0.060935	Saline
17	1	6	0.006949	Psilo_0.3
22	0	6	0.049318	Saline
2	1	6	0.038189	Psilo_0.3
10	0	6	0.056153	Saline
23	1	6	0.026098	Psilo_0.3
12	2	6	0.012998	Psilo_1
3	2	6	0.011685	Psilo_1
5	1	6	0.015891	Psilo_0.3
8	1	6	0.042196	Psilo_0.3
24	2	7	0.026008	Psilo_1
21	2	7	0.022059	Psilo_1
7	0	7	0.024853	Saline
1	0	7	0.022311	Saline
9	2	7	0.014699	Psilo_1
11	1	7	0.026037	Psilo_0.3
19	0	7	0.016908	Saline
20	1	7	0.025170	Psilo_0.3
16	0	7	0.005894	Saline
15	2	7	0.054609	Psilo_1
14	1	7	0.042648	Psilo_0.3
6	2	7	0.031725	Psilo_1
18	2	7	0.027986	Psilo_1
13	0	7	0.035808	Saline
4	0	7	0.020965	Saline
17	1	7	0.038369	Psilo_0.3
22	0	7	0.023344	Saline
2	1	7	0.053048	Psilo_0.3
10	0	7	0.015976	Saline
23	1	7	0.041286	Psilo_0.3
12	2	7	0.052214	Psilo_1
3	2	7	0.031230	Psilo_1
5	1	7	0.043867	Psilo_0.3
8	1	7	0.014252	Psilo_0.3
24	2	8	0.027070	Psilo_1
21	2	8	0.019914	Psilo_1
7	0	8	0.026577	Saline
1	0	8	0.044890	Saline
9	2	8	0.035814	Psilo_1
11	1	8	0.017290	Psilo_0.3
19	0	8	0.005636	Saline
20	1	8	0.015906	Psilo_0.3
16	0	8	0.027826	Saline
15	2	8	0.031336	Psilo_1
14	1	8	0.011310	Psilo_0.3
6	2	8	0.019744	Psilo_1
18	2	8	0.011560	Psilo_1
13	0	8	0.027424	Saline
4	0	8	0.013575	Saline
17	1	8	0.014804	Psilo_0.3
22	0	8	0.035344	Saline
2	1	8	0.041939	Psilo_0.3
10	0	8	0.030054	Saline
23	1	8	0.038632	Psilo_0.3
12	2	8	0.009914	Psilo_1
3	2	8	0.008710	Psilo_1
5	1	8	0.035259	Psilo_0.3
8	1	8	0.035210	Psilo_0.3
24	2	9	0.029724	Psilo_1
21	2	9	0.007966	Psilo_1
7	0	9	0.030312	Saline
1	0	9	0.020307	Saline
9	2	9	0.027531	Psilo_1
11	1	9	0.008340	Psilo_0.3
19	0	9	0.003431	Saline
20	1	9	0.020101	Psilo_0.3
16	0	9	0.023671	Saline
15	2	9	0.015943	Psilo_1
14	1	9	0.018615	Psilo_0.3
6	2	9	0.011981	Psilo_1
18	2	9	0.009329	Psilo_1
13	0	9	0.028821	Saline
4	0	9	0.035294	Saline
17	1	9	0.009366	Psilo_0.3
22	0	9	0.025645	Saline
2	1	9	0.022219	Psilo_0.3
10	0	9	0.027523	Saline
23	1	9	0.026541	Psilo_0.3
12	2	9	0.007711	Psilo_1
3	2	9	0.011472	Psilo_1
5	1	9	0.012415	Psilo_0.3
8	1	9	0.024871	Psilo_0.3
24	2	10	0.009820	Psilo_1
21	2	10	0.039828	Psilo_1
7	0	10	0.022842	Saline
1	0	10	0.026319	Saline
9	2	10	0.012716	Psilo_1
11	1	10	0.035191	Psilo_0.3
19	0	10	0.030140	Saline
20	1	10	0.007866	Psilo_0.3
16	0	10	0.009758	Saline
15	2	10	0.006597	Psilo_1
14	1	10	0.015080	Psilo_0.3
6	2	10	0.040162	Psilo_1
18	2	10	0.029000	Psilo_1
13	0	10	0.031441	Saline
4	0	10	0.018100	Saline
17	1	10	0.012689	Psilo_0.3
22	0	10	0.023837	Saline
2	1	10	0.004999	Psilo_0.3
10	0	10	0.024992	Saline
23	1	10	0.021528	Psilo_0.3
12	2	10	0.005508	Psilo_1
3	2	10	0.014022	Psilo_1
5	1	10	0.016719	Psilo_0.3
8	1	10	0.039262	Psilo_0.3
24	2	11	0.031582	Psilo_1
21	2	11	0.023591	Psilo_1
7	0	11	0.017383	Saline
1	0	11	0.007348	Saline
9	2	11	0.003150	Psilo_1
11	1	11	0.025020	Psilo_0.3
19	0	11	0.018623	Saline
20	1	11	0.028142	Psilo_0.3
16	0	11	0.001836	Saline
15	2	11	0.021257	Psilo_1
14	1	11	0.040999	Psilo_0.3
6	2	11	0.024806	Psilo_1
18	2	11	0.032853	Psilo_1
13	0	11	0.009782	Saline
4	0	11	0.011614	Saline
17	1	11	0.095770	Psilo_0.3
22	0	11	0.010028	Saline
2	1	11	0.008610	Psilo_0.3
10	0	11	0.010756	Saline
23	1	11	0.016514	Psilo_0.3
12	2	11	0.029302	Psilo_1
3	2	11	0.053962	Psilo_1
5	1	11	0.020195	Psilo_0.3
8	1	11	0.007964	Psilo_0.3
24	2	12	0.015393	Psilo_1
21	2	12	0.012255	Psilo_1
7	0	12	0.024565	Saline
1	0	12	0.022044	Saline
9	2	12	0.037564	Psilo_1
11	1	12	0.017697	Psilo_0.3
19	0	12	0.005881	Saline
20	1	12	0.018703	Psilo_0.3
16	0	12	0.008889	Saline
15	2	12	0.025289	Psilo_1
14	1	12	0.009661	Psilo_0.3
6	2	12	0.021262	Psilo_1
18	2	12	0.021294	Psilo_1
13	0	12	0.025153	Saline
4	0	12	0.021418	Saline
17	1	12	0.012387	Psilo_0.3
22	0	12	0.016604	Saline
2	1	12	0.019719	Psilo_0.3
10	0	12	0.012496	Saline
23	1	12	0.023592	Psilo_0.3
12	2	12	0.026217	Psilo_1
3	2	12	0.003824	Psilo_1
5	1	12	0.026651	Psilo_0.3
8	1	12	0.014531	Psilo_0.3
24	2	13	0.070329	Psilo_1
21	2	13	0.036152	Psilo_1
7	0	13	0.011924	Saline
1	0	13	0.005344	Saline
9	2	13	0.001400	Psilo_1
11	1	13	0.008747	Psilo_0.3
19	0	13	0.079392	Saline
20	1	13	0.040727	Psilo_0.3
16	0	13	0.003865	Saline
15	2	13	0.004215	Psilo_1
14	1	13	0.016258	Psilo_0.3
6	2	13	0.014512	Psilo_1
18	2	13	0.038126	Psilo_1
13	0	13	0.003319	Saline
4	0	13	0.005279	Saline
17	1	13	0.064048	Psilo_0.3
22	0	13	0.007726	Saline
2	1	13	0.001111	Psilo_0.3
10	0	13	0.029579	Saline
23	1	13	0.008552	Psilo_0.3
12	2	13	0.016303	Psilo_1
3	2	13	0.076269	Psilo_1
5	1	13	0.006125	Psilo_0.3
8	1	13	0.010479	Psilo_0.3
24	2	14	0.025743	Psilo_1
21	2	14	0.017157	Psilo_1
7	0	14	0.016521	Saline
1	0	14	0.013894	Saline
9	2	14	0.007583	Psilo_1
11	1	14	0.015867	Psilo_0.3
19	0	14	0.013967	Saline
20	1	14	0.026569	Psilo_0.3
16	0	14	0.028599	Saline
15	2	14	0.017042	Psilo_1
14	1	14	0.009661	Psilo_0.3
6	2	14	0.005737	Psilo_1
18	2	14	0.024539	Psilo_1
13	0	14	0.009956	Saline
4	0	14	0.018250	Saline
17	1	14	0.009063	Psilo_0.3
22	0	14	0.016932	Saline
2	1	14	0.027913	Psilo_0.3
10	0	14	0.015818	Saline
23	1	14	0.034651	Psilo_0.3
12	2	14	0.015202	Psilo_1
3	2	14	0.005099	Psilo_1
5	1	14	0.012581	Psilo_0.3
8	1	14	0.016348	Psilo_0.3
24	2	15	0.016454	Psilo_1
21	2	15	0.011642	Psilo_1
7	0	15	0.010631	Saline
1	0	15	0.008951	Saline
9	2	15	0.048413	Psilo_1
11	1	15	0.011188	Psilo_0.3
19	0	15	0.003431	Saline
20	1	15	0.020626	Psilo_0.3
16	0	15	0.010048	Saline
15	2	15	0.029503	Psilo_1
14	1	15	0.014373	Psilo_0.3
6	2	15	0.013669	Psilo_1
18	2	15	0.009126	Psilo_1
13	0	15	0.018341	Saline
4	0	15	0.015234	Saline
17	1	15	0.015106	Psilo_0.3
22	0	15	0.008384	Saline
2	1	15	0.026663	Psilo_0.3
10	0	15	0.006802	Saline
23	1	15	0.022707	Psilo_0.3
12	2	15	0.020930	Psilo_1
3	2	15	0.006586	Psilo_1
5	1	15	0.026651	Psilo_0.3
8	1	15	0.015230	Psilo_0.3
24	2	16	0.026274	Psilo_1
21	2	16	0.009191	Psilo_1
7	0	16	0.022698	Saline
1	0	16	0.008951	Saline
9	2	16	0.039081	Psilo_1
11	1	16	0.006509	Psilo_0.3
19	0	16	0.000980	Saline
20	1	16	0.037056	Psilo_0.3
16	0	16	0.005797	Saline
15	2	16	0.020524	Psilo_1
14	1	16	0.014138	Psilo_0.3
6	2	16	0.008944	Psilo_1
18	2	16	0.019469	Psilo_1
13	0	16	0.020961	Saline
4	0	16	0.025792	Saline
17	1	16	0.008459	Psilo_0.3
22	0	16	0.012494	Saline
2	1	16	0.015276	Psilo_0.3
10	0	16	0.015818	Saline
23	1	16	0.015630	Psilo_0.3
12	2	16	0.020269	Psilo_1
3	2	16	0.007436	Psilo_1
5	1	16	0.011587	Psilo_0.3
8	1	16	0.014950	Psilo_0.3
24	2	17	0.014862	Psilo_1
21	2	17	0.014706	Psilo_1
7	0	17	0.009912	Saline
1	0	17	0.003474	Saline
9	2	17	0.007816	Psilo_1
11	1	17	0.016273	Psilo_0.3
19	0	17	0.013967	Saline
20	1	17	0.017829	Psilo_0.3
16	0	17	0.001353	Saline
15	2	17	0.030236	Psilo_1
14	1	17	0.063148	Psilo_0.3
6	2	17	0.014850	Psilo_1
18	2	17	0.019874	Psilo_1
13	0	17	0.008384	Saline
4	0	17	0.010709	Saline
17	1	17	0.025680	Psilo_0.3
22	0	17	0.004274	Saline
2	1	17	0.017359	Psilo_0.3
10	0	17	0.009965	Saline
23	1	17	0.008994	Psilo_0.3
12	2	17	0.043181	Psilo_1
3	2	17	0.081156	Psilo_1
5	1	17	0.016885	Psilo_0.3
8	1	17	0.004331	Psilo_0.3
24	2	18	0.015127	Psilo_1
21	2	18	0.016238	Psilo_1
7	0	18	0.015802	Saline
1	0	18	0.004810	Saline
9	2	18	0.015749	Psilo_1
11	1	18	0.015053	Psilo_0.3
19	0	18	0.008331	Saline
20	1	18	0.021150	Psilo_0.3
16	0	18	0.003478	Saline
15	2	18	0.019791	Psilo_1
14	1	18	0.016965	Psilo_0.3
6	2	18	0.019912	Psilo_1
18	2	18	0.012979	Psilo_1
13	0	18	0.016594	Saline
4	0	18	0.025943	Saline
17	1	18	0.009366	Psilo_0.3
22	0	18	0.008713	Saline
2	1	18	0.019025	Psilo_0.3
10	0	18	0.026890	Saline
23	1	18	0.013270	Psilo_0.3
12	2	18	0.027539	Psilo_1
3	2	18	0.023157	Psilo_1
5	1	18	0.013077	Psilo_0.3
8	1	18	0.012156	Psilo_0.3
24	2	19	0.009554	Psilo_1
21	2	19	0.018382	Psilo_1
7	0	19	0.019968	Saline
1	0	19	0.010421	Saline
9	2	19	0.007933	Psilo_1
11	1	19	0.016680	Psilo_0.3
19	0	19	0.012497	Saline
20	1	19	0.019752	Psilo_0.3
16	0	19	0.007923	Saline
15	2	19	0.014294	Psilo_1
14	1	19	0.027568	Psilo_0.3
6	2	19	0.015356	Psilo_1
18	2	19	0.014399	Psilo_1
13	0	19	0.011878	Saline
4	0	19	0.011161	Saline
17	1	19	0.038973	Psilo_0.3
22	0	19	0.022193	Saline
2	1	19	0.016387	Psilo_0.3
10	0	19	0.013287	Saline
23	1	19	0.018431	Psilo_0.3
12	2	19	0.011456	Psilo_1
3	2	19	0.002974	Psilo_1
5	1	19	0.021023	Psilo_0.3
8	1	19	0.012575	Psilo_0.3
24	2	20	0.011677	Psilo_1
21	2	20	0.008578	Psilo_1
7	0	20	0.015802	Saline
1	0	20	0.003741	Saline
9	2	20	0.011083	Psilo_1
11	1	20	0.006509	Psilo_0.3
19	0	20	0.013232	Saline
20	1	20	0.027268	Psilo_0.3
16	0	20	0.000580	Saline
15	2	20	0.014110	Psilo_1
14	1	20	0.028511	Psilo_0.3
6	2	20	0.019744	Psilo_1
18	2	20	0.012979	Psilo_1
13	0	20	0.001921	Saline
4	0	20	0.020513	Saline
17	1	20	0.040483	Psilo_0.3
22	0	20	0.005589	Saline
2	1	20	0.009999	Psilo_0.3
10	0	20	0.016450	Saline
23	1	20	0.011943	Psilo_0.3
12	2	20	0.039877	Psilo_1
3	2	20	0.061823	Psilo_1
5	1	20	0.006456	Psilo_0.3
8	1	20	0.009361	Psilo_0.3
24	2	21	0.013800	Psilo_1
21	2	21	0.015931	Psilo_1
7	0	21	0.009050	Saline
1	0	21	0.007749	Saline
9	2	21	0.010849	Psilo_1
11	1	21	0.019731	Psilo_0.3
19	0	21	0.005391	Saline
20	1	21	0.013984	Psilo_0.3
16	0	21	0.002126	Saline
15	2	21	0.045263	Psilo_1
14	1	21	0.019557	Psilo_0.3
6	2	21	0.018225	Psilo_1
18	2	21	0.012979	Psilo_1
13	0	21	0.016943	Saline
4	0	21	0.010407	Saline
17	1	21	0.017825	Psilo_0.3
22	0	21	0.007069	Saline
2	1	21	0.022497	Psilo_0.3
10	0	21	0.008225	Saline
23	1	21	0.013860	Psilo_0.3
12	2	21	0.015422	Psilo_1
3	2	21	0.009985	Psilo_1
5	1	21	0.022678	Psilo_0.3
8	1	21	0.008383	Psilo_0.3
24	2	22	0.009289	Psilo_1
21	2	22	0.004289	Psilo_1
7	0	22	0.014653	Saline
1	0	22	0.025384	Saline
9	2	22	0.049930	Psilo_1
11	1	22	0.004679	Psilo_0.3
19	0	22	0.003921	Saline
20	1	22	0.021150	Psilo_0.3
16	0	22	0.010531	Saline
15	2	22	0.010079	Psilo_1
14	1	22	0.002121	Psilo_0.3
6	2	22	0.006244	Psilo_1
18	2	22	0.011560	Psilo_1
13	0	22	0.010306	Saline
4	0	22	0.014027	Saline
17	1	22	0.004230	Psilo_0.3
22	0	22	0.010850	Saline
2	1	22	0.012915	Psilo_0.3
10	0	22	0.007118	Saline
23	1	22	0.009289	Psilo_0.3
12	2	22	0.017184	Psilo_1
3	2	22	0.001700	Psilo_1
5	1	22	0.010594	Psilo_0.3
8	1	22	0.014112	Psilo_0.3
24	2	23	0.007696	Psilo_1
21	2	23	0.005821	Psilo_1
7	0	23	0.007758	Saline
1	0	23	0.033133	Saline
9	2	23	0.060663	Psilo_1
11	1	23	0.009154	Psilo_0.3
19	0	23	0.003185	Saline
20	1	23	0.008041	Psilo_0.3
16	0	23	0.014203	Saline
15	2	23	0.004032	Psilo_1
14	1	23	0.003770	Psilo_0.3
6	2	23	0.007594	Psilo_1
18	2	23	0.011154	Psilo_1
13	0	23	0.009083	Saline
4	0	23	0.007843	Saline
17	1	23	0.006042	Psilo_0.3
22	0	23	0.006411	Saline
2	1	23	0.009721	Psilo_0.3
10	0	23	0.011863	Saline
23	1	23	0.008552	Psilo_0.3
12	2	23	0.007050	Psilo_1
3	2	23	0.004886	Psilo_1
5	1	23	0.008939	Psilo_0.3
8	1	23	0.017465	Psilo_0.3
24	2	24	0.008493	Psilo_1
21	2	24	0.006434	Psilo_1
7	0	24	0.013216	Saline
1	0	24	0.008283	Saline
9	2	24	0.028115	Psilo_1
11	1	24	0.005899	Psilo_0.3
19	0	24	0.002205	Saline
20	1	24	0.009963	Psilo_0.3
16	0	24	0.003092	Saline
15	2	24	0.023456	Psilo_1
14	1	24	0.011074	Psilo_0.3
6	2	24	0.010294	Psilo_1
18	2	24	0.011965	Psilo_1
13	0	24	0.018690	Saline
4	0	24	0.007994	Saline
17	1	24	0.010876	Psilo_0.3
22	0	24	0.013151	Saline
2	1	24	0.018192	Psilo_0.3
10	0	24	0.002531	Saline
23	1	24	0.018284	Psilo_0.3
12	2	24	0.034148	Psilo_1
3	2	24	0.004461	Psilo_1
5	1	24	0.026320	Psilo_0.3
8	1	24	0.009641	Psilo_0.3
24	2	25	0.012208	Psilo_1
21	2	25	0.009804	Psilo_1
7	0	25	0.003879	Saline
1	0	25	0.001069	Saline
9	2	25	0.007699	Psilo_1
11	1	25	0.006916	Psilo_0.3
19	0	25	0.008086	Saline
20	1	25	0.012585	Psilo_0.3
16	0	25	0.000580	Saline
15	2	25	0.020524	Psilo_1
14	1	25	0.046418	Psilo_0.3
6	2	25	0.011475	Psilo_1
18	2	25	0.009937	Psilo_1
13	0	25	0.002795	Saline
4	0	25	0.007391	Saline
17	1	25	0.025378	Psilo_0.3
22	0	25	0.001480	Saline
2	1	25	0.013331	Psilo_0.3
10	0	25	0.005853	Saline
23	1	25	0.005013	Psilo_0.3
12	2	25	0.043842	Psilo_1
3	2	25	0.077757	Psilo_1
5	1	25	0.005297	Psilo_0.3
8	1	25	0.003493	Psilo_0.3
24	2	26	0.005839	Psilo_1
21	2	26	0.012561	Psilo_1
7	0	26	0.018675	Saline
1	0	26	0.022178	Saline
9	2	26	0.007350	Psilo_1
11	1	26	0.010374	Psilo_0.3
19	0	26	0.003431	Saline
20	1	26	0.009614	Psilo_0.3
16	0	26	0.015845	Saline
15	2	26	0.003848	Psilo_1
14	1	26	0.011310	Psilo_0.3
6	2	26	0.013669	Psilo_1
18	2	26	0.012371	Psilo_1
13	0	26	0.014148	Saline
4	0	26	0.016139	Saline
17	1	26	0.004834	Psilo_0.3
22	0	26	0.025974	Saline
2	1	26	0.004166	Psilo_0.3
10	0	26	0.020721	Saline
23	1	26	0.005603	Psilo_0.3
12	2	26	0.003305	Psilo_1
3	2	26	0.001700	Psilo_1
5	1	26	0.009104	Psilo_0.3
8	1	26	0.012575	Psilo_0.3
24	2	27	0.000000	Psilo_1
21	2	27	0.000000	Psilo_1
7	0	27	0.000000	Saline
1	0	27	0.000000	Saline
9	2	27	0.000000	Psilo_1
11	1	27	0.000000	Psilo_0.3
19	0	27	0.000000	Saline
20	1	27	0.000000	Psilo_0.3
16	0	27	0.155459	Saline
15	2	27	0.000000	Psilo_1
14	1	27	0.000000	Psilo_0.3
6	2	27	0.000000	Psilo_1
18	2	27	0.000000	Psilo_1
13	0	27	0.000000	Saline
4	0	27	0.000000	Saline
17	1	27	0.000000	Psilo_0.3
22	0	27	0.000000	Saline
2	1	27	0.000000	Psilo_0.3
10	0	27	0.000000	Saline
23	1	27	0.000000	Psilo_0.3
12	2	27	0.000000	Psilo_1
3	2	27	0.000000	Psilo_1
5	1	27	0.000000	Psilo_0.3
8	1	27	0.000000	Psilo_0.3
24	2	28	0.012473	Psilo_1
21	2	28	0.010417	Psilo_1
7	0	28	0.016808	Saline
1	0	28	0.009218	Saline
9	2	28	0.012832	Psilo_1
11	1	28	0.009154	Psilo_0.3
19	0	28	0.006371	Saline
20	1	28	0.014683	Psilo_0.3
16	0	28	0.004058	Saline
15	2	28	0.008246	Psilo_1
14	1	28	0.009425	Psilo_0.3
6	2	28	0.010125	Psilo_1
18	2	28	0.018252	Psilo_1
13	0	28	0.004541	Saline
4	0	28	0.020965	Saline
17	1	28	0.007855	Psilo_0.3
22	0	28	0.008384	Saline
2	1	28	0.010693	Psilo_0.3
10	0	28	0.022619	Saline
23	1	28	0.008994	Psilo_0.3
12	2	28	0.011236	Psilo_1
3	2	28	0.017633	Psilo_1
5	1	28	0.006125	Psilo_0.3
8	1	28	0.009222	Psilo_0.3
24	2	29	0.001592	Psilo_1
21	2	29	0.004596	Psilo_1
7	0	29	0.022985	Saline
1	0	29	0.008684	Saline
9	2	29	0.012016	Psilo_1
11	1	29	0.006713	Psilo_0.3
19	0	29	0.000980	Saline
20	1	29	0.014158	Psilo_0.3
16	0	29	0.002899	Saline
15	2	29	0.002566	Psilo_1
14	1	29	0.005655	Psilo_0.3
6	2	29	0.007931	Psilo_1
18	2	29	0.009734	Psilo_1
13	0	29	0.006638	Saline
4	0	29	0.035143	Saline
17	1	29	0.003021	Psilo_0.3
22	0	29	0.015782	Saline
2	1	29	0.012776	Psilo_0.3
10	0	29	0.028472	Saline
23	1	29	0.012533	Psilo_0.3
12	2	29	0.005728	Psilo_1
3	2	29	0.001700	Psilo_1
5	1	29	0.004138	Psilo_0.3
8	1	29	0.017885	Psilo_0.3
24	2	30	0.040074	Psilo_1
21	2	30	0.000919	Psilo_1
7	0	30	0.012786	Saline
1	0	30	0.010955	Saline
9	2	30	0.017615	Psilo_1
11	1	30	0.003662	Psilo_0.3
19	0	30	0.009802	Saline
20	1	30	0.023772	Psilo_0.3
16	0	30	0.019130	Saline
15	2	30	0.003665	Psilo_1
14	1	30	0.000707	Psilo_0.3
6	2	30	0.001181	Psilo_1
18	2	30	0.009532	Psilo_1
13	0	30	0.002620	Saline
4	0	30	0.011463	Saline
17	1	30	0.003021	Psilo_0.3
22	0	30	0.005425	Saline
2	1	30	0.014720	Psilo_0.3
10	0	30	0.007276	Saline
23	1	30	0.023297	Psilo_0.3
12	2	30	0.011677	Psilo_1
3	2	30	0.000637	Psilo_1
5	1	30	0.003807	Psilo_0.3
8	1	30	0.010060	Psilo_0.3
24	2	31	0.001858	Psilo_1
21	2	31	0.002145	Psilo_1
7	0	31	0.021836	Saline
1	0	31	0.024983	Saline
9	2	31	0.012716	Psilo_1
11	1	31	0.004475	Psilo_0.3
19	0	31	0.001715	Saline
20	1	31	0.008915	Psilo_0.3
16	0	31	0.021063	Saline
15	2	31	0.000733	Psilo_1
14	1	31	0.001414	Psilo_0.3
6	2	31	0.005400	Psilo_1
18	2	31	0.013385	Psilo_1
13	0	31	0.004891	Saline
4	0	31	0.019759	Saline
17	1	31	0.001813	Psilo_0.3
22	0	31	0.017919	Saline
2	1	31	0.002916	Psilo_0.3
10	0	31	0.029737	Saline
23	1	31	0.002949	Psilo_0.3
12	2	31	0.000881	Psilo_1
3	2	31	0.002337	Psilo_1
5	1	31	0.000993	Psilo_0.3
8	1	31	0.016767	Psilo_0.3
24	2	32	0.003450	Psilo_1
21	2	32	0.007353	Psilo_1
7	0	32	0.010774	Saline
1	0	32	0.004542	Saline
9	2	32	0.038381	Psilo_1
11	1	32	0.002441	Psilo_0.3
19	0	32	0.003921	Saline
20	1	32	0.025520	Psilo_0.3
16	0	32	0.001449	Saline
15	2	32	0.011178	Psilo_1
14	1	32	0.008483	Psilo_0.3
6	2	32	0.007762	Psilo_1
18	2	32	0.010140	Psilo_1
13	0	32	0.006987	Saline
4	0	32	0.011011	Saline
17	1	32	0.007251	Psilo_0.3
22	0	32	0.003945	Saline
2	1	32	0.010693	Psilo_0.3
10	0	32	0.005694	Saline
23	1	32	0.013565	Psilo_0.3
12	2	32	0.031064	Psilo_1
3	2	32	0.005524	Psilo_1
5	1	32	0.007449	Psilo_0.3
8	1	32	0.009641	Psilo_0.3
24	2	33	0.000000	Psilo_1
21	2	33	0.000000	Psilo_1
7	0	33	0.000000	Saline
1	0	33	0.000000	Saline
9	2	33	0.000000	Psilo_1
11	1	33	0.000000	Psilo_0.3
19	0	33	0.000000	Saline
20	1	33	0.000000	Psilo_0.3
16	0	33	0.145121	Saline
15	2	33	0.000000	Psilo_1
14	1	33	0.000000	Psilo_0.3
6	2	33	0.000000	Psilo_1
18	2	33	0.000000	Psilo_1
13	0	33	0.000000	Saline
4	0	33	0.000000	Saline
17	1	33	0.000000	Psilo_0.3
22	0	33	0.000000	Saline
2	1	33	0.000000	Psilo_0.3
10	0	33	0.000000	Saline
23	1	33	0.000000	Psilo_0.3
12	2	33	0.000000	Psilo_1
3	2	33	0.000000	Psilo_1
5	1	33	0.000000	Psilo_0.3
8	1	33	0.000140	Psilo_0.3
24	2	34	0.009289	Psilo_1
21	2	34	0.002451	Psilo_1
7	0	34	0.005172	Saline
1	0	34	0.024449	Saline
9	2	34	0.049347	Psilo_1
11	1	34	0.001627	Psilo_0.3
19	0	34	0.001470	Saline
20	1	34	0.019053	Psilo_0.3
16	0	34	0.004348	Saline
15	2	34	0.005864	Psilo_1
14	1	34	0.001649	Psilo_0.3
6	2	34	0.003881	Psilo_1
18	2	34	0.008720	Psilo_1
13	0	34	0.007511	Saline
4	0	34	0.017345	Saline
17	1	34	0.009063	Psilo_0.3
22	0	34	0.003123	Saline
2	1	34	0.006110	Psilo_0.3
10	0	34	0.004904	Saline
23	1	34	0.004866	Psilo_0.3
12	2	34	0.022913	Psilo_1
3	2	34	0.001275	Psilo_1
5	1	34	0.005628	Psilo_0.3
8	1	34	0.007545	Psilo_0.3
24	2	35	0.000000	Psilo_1
21	2	35	0.006740	Psilo_1
7	0	35	0.012498	Saline
1	0	35	0.028323	Saline
9	2	35	0.003733	Psilo_1
11	1	35	0.020342	Psilo_0.3
19	0	35	0.008821	Saline
20	1	35	0.008390	Psilo_0.3
16	0	35	0.015942	Saline
15	2	35	0.002016	Psilo_1
14	1	35	0.007069	Psilo_0.3
6	2	35	0.021431	Psilo_1
18	2	35	0.007504	Psilo_1
13	0	35	0.011703	Saline
4	0	35	0.009653	Saline
17	1	35	0.003625	Psilo_0.3
22	0	35	0.015946	Saline
2	1	35	0.004722	Psilo_0.3
10	0	35	0.013920	Saline
23	1	35	0.003686	Psilo_0.3
12	2	35	0.001983	Psilo_1
3	2	35	0.002549	Psilo_1
5	1	35	0.005297	Psilo_0.3
8	1	35	0.014531	Psilo_0.3
24	2	36	0.001592	Psilo_1
21	2	36	0.002757	Psilo_1
7	0	36	0.019537	Saline
1	0	36	0.013627	Saline
9	2	36	0.004666	Psilo_1
11	1	36	0.003458	Psilo_0.3
19	0	36	0.001960	Saline
20	1	36	0.007341	Psilo_0.3
16	0	36	0.013816	Saline
15	2	36	0.001283	Psilo_1
14	1	36	0.001414	Psilo_0.3
6	2	36	0.001519	Psilo_1
18	2	36	0.006692	Psilo_1
13	0	36	0.015546	Saline
4	0	36	0.028054	Saline
17	1	36	0.000302	Psilo_0.3
22	0	36	0.032221	Saline
2	1	36	0.009443	Psilo_0.3
10	0	36	0.026258	Saline
23	1	36	0.003686	Psilo_0.3
12	2	36	0.001102	Psilo_1
3	2	36	0.001487	Psilo_1
5	1	36	0.003642	Psilo_0.3
8	1	36	0.009082	Psilo_0.3
24	2	37	0.003981	Psilo_1
21	2	37	0.013787	Psilo_1
7	0	37	0.011924	Saline
1	0	37	0.008550	Saline
9	2	37	0.007699	Psilo_1
11	1	37	0.009764	Psilo_0.3
19	0	37	0.008821	Saline
20	1	37	0.013110	Psilo_0.3
16	0	37	0.006473	Saline
15	2	37	0.012644	Psilo_1
14	1	37	0.009425	Psilo_0.3
6	2	37	0.005231	Psilo_1
18	2	37	0.010140	Psilo_1
13	0	37	0.005415	Saline
4	0	37	0.012066	Saline
17	1	37	0.003323	Psilo_0.3
22	0	37	0.018083	Saline
2	1	37	0.011943	Psilo_0.3
10	0	37	0.010914	Saline
23	1	37	0.010321	Psilo_0.3
12	2	37	0.011897	Psilo_1
3	2	37	0.007861	Psilo_1
5	1	37	0.006952	Psilo_0.3
8	1	37	0.009641	Psilo_0.3
24	2	38	0.001858	Psilo_1
21	2	38	0.017157	Psilo_1
7	0	38	0.010774	Saline
1	0	38	0.007081	Saline
9	2	38	0.001633	Psilo_1
11	1	38	0.017494	Psilo_0.3
19	0	38	0.009556	Saline
20	1	38	0.016431	Psilo_0.3
16	0	38	0.004541	Saline
15	2	38	0.012095	Psilo_1
14	1	38	0.012488	Psilo_0.3
6	2	38	0.008944	Psilo_1
18	2	38	0.008923	Psilo_1
13	0	38	0.010655	Saline
4	0	38	0.017496	Saline
17	1	38	0.004230	Psilo_0.3
22	0	38	0.011343	Saline
2	1	38	0.006805	Psilo_0.3
10	0	38	0.007118	Saline
23	1	38	0.008847	Psilo_0.3
12	2	38	0.014320	Psilo_1
3	2	38	0.012110	Psilo_1
5	1	38	0.007780	Psilo_0.3
8	1	38	0.010340	Psilo_0.3
24	2	39	0.004512	Psilo_1
21	2	39	0.006434	Psilo_1
7	0	39	0.004597	Saline
1	0	39	0.005611	Saline
9	2	39	0.012366	Psilo_1
11	1	39	0.013832	Psilo_0.3
19	0	39	0.004411	Saline
20	1	39	0.008215	Psilo_0.3
16	0	39	0.003478	Saline
15	2	39	0.012461	Psilo_1
14	1	39	0.004713	Psilo_0.3
6	2	39	0.011812	Psilo_1
18	2	39	0.013588	Psilo_1
13	0	39	0.010830	Saline
4	0	39	0.004223	Saline
17	1	39	0.006647	Psilo_0.3
22	0	39	0.004932	Saline
2	1	39	0.018609	Psilo_0.3
10	0	39	0.007118	Saline
23	1	39	0.009732	Psilo_0.3
12	2	39	0.010134	Psilo_1
3	2	39	0.004461	Psilo_1
5	1	39	0.016719	Psilo_0.3
8	1	39	0.008523	Psilo_0.3
24	2	40	0.002919	Psilo_1
21	2	40	0.002145	Psilo_1
7	0	40	0.016664	Saline
1	0	40	0.019773	Saline
9	2	40	0.020882	Psilo_1
11	1	40	0.002848	Psilo_0.3
19	0	40	0.001715	Saline
20	1	40	0.006817	Psilo_0.3
16	0	40	0.008019	Saline
15	2	40	0.002382	Psilo_1
14	1	40	0.000707	Psilo_0.3
6	2	40	0.005569	Psilo_1
18	2	40	0.008518	Psilo_1
13	0	40	0.009432	Saline
4	0	40	0.007240	Saline
17	1	40	0.000000	Psilo_0.3
22	0	40	0.016439	Saline
2	1	40	0.006805	Psilo_0.3
10	0	40	0.005853	Saline
23	1	40	0.007815	Psilo_0.3
12	2	40	0.005948	Psilo_1
3	2	40	0.000212	Psilo_1
5	1	40	0.011753	Psilo_0.3
8	1	40	0.010898	Psilo_0.3
24	2	41	0.035032	Psilo_1
21	2	41	0.001225	Psilo_1
7	0	41	0.012929	Saline
1	0	41	0.007882	Saline
9	2	41	0.016916	Psilo_1
11	1	41	0.003051	Psilo_0.3
19	0	41	0.006371	Saline
20	1	41	0.016605	Psilo_0.3
16	0	41	0.009372	Saline
15	2	41	0.006964	Psilo_1
14	1	41	0.000707	Psilo_0.3
6	2	41	0.001012	Psilo_1
18	2	41	0.007098	Psilo_1
13	0	41	0.002795	Saline
4	0	41	0.004374	Saline
17	1	41	0.001813	Psilo_0.3
22	0	41	0.003123	Saline
2	1	41	0.012637	Psilo_0.3
10	0	41	0.003322	Saline
23	1	41	0.020053	Psilo_0.3
12	2	41	0.010795	Psilo_1
3	2	41	0.000850	Psilo_1
5	1	41	0.004138	Psilo_0.3
8	1	41	0.006148	Psilo_0.3
24	2	42	0.009023	Psilo_1
21	2	42	0.009804	Psilo_1
7	0	42	0.009625	Saline
1	0	42	0.014295	Saline
9	2	42	0.006300	Psilo_1
11	1	42	0.007526	Psilo_0.3
19	0	42	0.004411	Saline
20	1	42	0.009788	Psilo_0.3
16	0	42	0.011014	Saline
15	2	42	0.004032	Psilo_1
14	1	42	0.004948	Psilo_0.3
6	2	42	0.004387	Psilo_1
18	2	42	0.004462	Psilo_1
13	0	42	0.006638	Saline
4	0	42	0.007391	Saline
17	1	42	0.005438	Psilo_0.3
22	0	42	0.019398	Saline
2	1	42	0.008193	Psilo_0.3
10	0	42	0.013920	Saline
23	1	42	0.007815	Psilo_0.3
12	2	42	0.001542	Psilo_1
3	2	42	0.002337	Psilo_1
5	1	42	0.006621	Psilo_0.3
8	1	42	0.010060	Psilo_0.3
24	2	43	0.000531	Psilo_1
21	2	43	0.006740	Psilo_1
7	0	43	0.006034	Saline
1	0	43	0.025251	Saline
9	2	43	0.004666	Psilo_1
11	1	43	0.015460	Psilo_0.3
19	0	43	0.004166	Saline
20	1	43	0.003496	Psilo_0.3
16	0	43	0.014879	Saline
15	2	43	0.001100	Psilo_1
14	1	43	0.003063	Psilo_0.3
6	2	43	0.014175	Psilo_1
18	2	43	0.013385	Psilo_1
13	0	43	0.013450	Saline
4	0	43	0.009201	Saline
17	1	43	0.000906	Psilo_0.3
22	0	43	0.008384	Saline
2	1	43	0.000972	Psilo_0.3
10	0	43	0.013761	Saline
23	1	43	0.003096	Psilo_0.3
12	2	43	0.000661	Psilo_1
3	2	43	0.000212	Psilo_1
5	1	43	0.002152	Psilo_0.3
8	1	43	0.014811	Psilo_0.3
24	2	44	0.016985	Psilo_1
21	2	44	0.021140	Psilo_1
7	0	44	0.005746	Saline
1	0	44	0.001603	Saline
9	2	44	0.000350	Psilo_1
11	1	44	0.008340	Psilo_0.3
19	0	44	0.006861	Saline
20	1	44	0.012410	Psilo_0.3
16	0	44	0.001932	Saline
15	2	44	0.015576	Psilo_1
14	1	44	0.017672	Psilo_0.3
6	2	44	0.009112	Psilo_1
18	2	44	0.005678	Psilo_1
13	0	44	0.003319	Saline
4	0	44	0.004374	Saline
17	1	44	0.032931	Psilo_0.3
22	0	44	0.004932	Saline
2	1	44	0.008749	Psilo_0.3
10	0	44	0.003322	Saline
23	1	44	0.010321	Psilo_0.3
12	2	44	0.019388	Psilo_1
3	2	44	0.006798	Psilo_1
5	1	44	0.011422	Psilo_0.3
8	1	44	0.005309	Psilo_0.3
24	2	45	0.000265	Psilo_1
21	2	45	0.003064	Psilo_1
7	0	45	0.009050	Saline
1	0	45	0.011490	Saline
9	2	45	0.003500	Psilo_1
11	1	45	0.014239	Psilo_0.3
19	0	45	0.008576	Saline
20	1	45	0.005768	Psilo_0.3
16	0	45	0.011691	Saline
15	2	45	0.003482	Psilo_1
14	1	45	0.008011	Psilo_0.3
6	2	45	0.011981	Psilo_1
18	2	45	0.010546	Psilo_1
13	0	45	0.010306	Saline
4	0	45	0.010106	Saline
17	1	45	0.001511	Psilo_0.3
22	0	45	0.012987	Saline
2	1	45	0.002639	Psilo_0.3
10	0	45	0.014711	Saline
23	1	45	0.003686	Psilo_0.3
12	2	45	0.002423	Psilo_1
3	2	45	0.000850	Psilo_1
5	1	45	0.004966	Psilo_0.3
8	1	45	0.018723	Psilo_0.3
24	2	46	0.005042	Psilo_1
21	2	46	0.011949	Psilo_1
7	0	46	0.006034	Saline
1	0	46	0.006146	Saline
9	2	46	0.000933	Psilo_1
11	1	46	0.026648	Psilo_0.3
19	0	46	0.009556	Saline
20	1	46	0.004894	Psilo_0.3
16	0	46	0.004251	Saline
15	2	46	0.003299	Psilo_1
14	1	46	0.014609	Psilo_0.3
6	2	46	0.021431	Psilo_1
18	2	46	0.010951	Psilo_1
13	0	46	0.009607	Saline
4	0	46	0.006033	Saline
17	1	46	0.015408	Psilo_0.3
22	0	46	0.007069	Saline
2	1	46	0.005971	Psilo_0.3
10	0	46	0.005378	Saline
23	1	46	0.007372	Psilo_0.3
12	2	46	0.003084	Psilo_1
3	2	46	0.005099	Psilo_1
5	1	46	0.006952	Psilo_0.3
8	1	46	0.009082	Psilo_0.3
24	2	47	0.012473	Psilo_1
21	2	47	0.022672	Psilo_1
7	0	47	0.010343	Saline
1	0	47	0.003741	Saline
9	2	47	0.000233	Psilo_1
11	1	47	0.019121	Psilo_0.3
19	0	47	0.011272	Saline
20	1	47	0.009963	Psilo_0.3
16	0	47	0.003768	Saline
15	2	47	0.002199	Psilo_1
14	1	47	0.009661	Psilo_0.3
6	2	47	0.012487	Psilo_1
18	2	47	0.010343	Psilo_1
13	0	47	0.006114	Saline
4	0	47	0.003167	Saline
17	1	47	0.003625	Psilo_0.3
22	0	47	0.003288	Saline
2	1	47	0.001528	Psilo_0.3
10	0	47	0.013603	Saline
23	1	47	0.005456	Psilo_0.3
12	2	47	0.001983	Psilo_1
3	2	47	0.039728	Psilo_1
5	1	47	0.003642	Psilo_0.3
8	1	47	0.005309	Psilo_0.3
24	2	48	0.000265	Psilo_1
21	2	48	0.005208	Psilo_1
7	0	48	0.007327	Saline
1	0	48	0.004676	Saline
9	2	48	0.004200	Psilo_1
11	1	48	0.008340	Psilo_0.3
19	0	48	0.009802	Saline
20	1	48	0.010662	Psilo_0.3
16	0	48	0.004251	Saline
15	2	48	0.012095	Psilo_1
14	1	48	0.009425	Psilo_0.3
6	2	48	0.015356	Psilo_1
18	2	48	0.002231	Psilo_1
13	0	48	0.007686	Saline
4	0	48	0.003017	Saline
17	1	48	0.009970	Psilo_0.3
22	0	48	0.011836	Saline
2	1	48	0.012915	Psilo_0.3
10	0	48	0.003638	Saline
23	1	48	0.008699	Psilo_0.3
12	2	48	0.000661	Psilo_1
3	2	48	0.001700	Psilo_1
5	1	48	0.012581	Psilo_0.3
8	1	48	0.015509	Psilo_0.3
24	2	49	0.007166	Psilo_1
21	2	49	0.005208	Psilo_1
7	0	49	0.001580	Saline
1	0	49	0.012158	Saline
9	2	49	0.018432	Psilo_1
11	1	49	0.009764	Psilo_0.3
19	0	49	0.001715	Saline
20	1	49	0.004894	Psilo_0.3
16	0	49	0.007246	Saline
15	2	49	0.009346	Psilo_1
14	1	49	0.010603	Psilo_0.3
6	2	49	0.002869	Psilo_1
18	2	49	0.002231	Psilo_1
13	0	49	0.004716	Saline
4	0	49	0.004525	Saline
17	1	49	0.007251	Psilo_0.3
22	0	49	0.002630	Saline
2	1	49	0.016248	Psilo_0.3
10	0	49	0.005220	Saline
23	1	49	0.007667	Psilo_0.3
12	2	49	0.008592	Psilo_1
3	2	49	0.018058	Psilo_1
5	1	49	0.004635	Psilo_0.3
8	1	49	0.004890	Psilo_0.3
24	2	50	0.000796	Psilo_1
21	2	50	0.003676	Psilo_1
7	0	50	0.002729	Saline
1	0	50	0.002939	Saline
9	2	50	0.000700	Psilo_1
11	1	50	0.002848	Psilo_0.3
19	0	50	0.013477	Saline
20	1	50	0.000699	Psilo_0.3
16	0	50	0.025507	Saline
15	2	50	0.001649	Psilo_1
14	1	50	0.002592	Psilo_0.3
6	2	50	0.002025	Psilo_1
18	2	50	0.009329	Psilo_1
13	0	50	0.003319	Saline
4	0	50	0.000302	Saline
17	1	50	0.000000	Psilo_0.3
22	0	50	0.041263	Saline
2	1	50	0.006249	Psilo_0.3
10	0	50	0.005062	Saline
23	1	50	0.002212	Psilo_0.3
12	2	50	0.000220	Psilo_1
3	2	50	0.012959	Psilo_1
5	1	50	0.008111	Psilo_0.3
8	1	50	0.006986	Psilo_0.3
24	2	51	0.036093	Psilo_1
21	2	51	0.006127	Psilo_1
7	0	51	0.005315	Saline
1	0	51	0.005344	Saline
9	2	51	0.003966	Psilo_1
11	1	51	0.007323	Psilo_0.3
19	0	51	0.007351	Saline
20	1	51	0.009963	Psilo_0.3
16	0	51	0.009082	Saline
15	2	51	0.003482	Psilo_1
14	1	51	0.001885	Psilo_0.3
6	2	51	0.004050	Psilo_1
18	2	51	0.009329	Psilo_1
13	0	51	0.003843	Saline
4	0	51	0.006033	Saline
17	1	51	0.000906	Psilo_0.3
22	0	51	0.005754	Saline
2	1	51	0.008610	Psilo_0.3
10	0	51	0.008700	Saline
23	1	51	0.013270	Psilo_0.3
12	2	51	0.002644	Psilo_1
3	2	51	0.001700	Psilo_1
5	1	51	0.006787	Psilo_0.3
8	1	51	0.007266	Psilo_0.3
24	2	52	0.003981	Psilo_1
21	2	52	0.004596	Psilo_1
7	0	52	0.001006	Saline
1	0	52	0.046359	Saline
9	2	52	0.010733	Psilo_1
11	1	52	0.001017	Psilo_0.3
19	0	52	0.002450	Saline
20	1	52	0.000175	Psilo_0.3
16	0	52	0.009179	Saline
15	2	52	0.000550	Psilo_1
14	1	52	0.001649	Psilo_0.3
6	2	52	0.010800	Psilo_1
18	2	52	0.001217	Psilo_1
13	0	52	0.001921	Saline
4	0	52	0.000603	Saline
17	1	52	0.004834	Psilo_0.3
22	0	52	0.003452	Saline
2	1	52	0.000555	Psilo_0.3
10	0	52	0.001582	Saline
23	1	52	0.000885	Psilo_0.3
12	2	52	0.000441	Psilo_1
3	2	52	0.000212	Psilo_1
5	1	52	0.002483	Psilo_0.3
8	1	52	0.025569	Psilo_0.3
24	2	53	0.012739	Psilo_1
21	2	53	0.014400	Psilo_1
7	0	53	0.004741	Saline
1	0	53	0.001603	Saline
9	2	53	0.000583	Psilo_1
11	1	53	0.010578	Psilo_0.3
19	0	53	0.011272	Saline
20	1	53	0.007866	Psilo_0.3
16	0	53	0.001353	Saline
15	2	53	0.008430	Psilo_1
14	1	53	0.021206	Psilo_0.3
6	2	53	0.004725	Psilo_1
18	2	53	0.002839	Psilo_1
13	0	53	0.005590	Saline
4	0	53	0.004374	Saline
17	1	53	0.010272	Psilo_0.3
22	0	53	0.002466	Saline
2	1	53	0.005833	Psilo_0.3
10	0	53	0.002847	Saline
23	1	53	0.011059	Psilo_0.3
12	2	53	0.004847	Psilo_1
3	2	53	0.017421	Psilo_1
5	1	53	0.005959	Psilo_0.3
8	1	53	0.007126	Psilo_0.3
24	2	54	0.001327	Psilo_1
21	2	54	0.004902	Psilo_1
7	0	54	0.007183	Saline
1	0	54	0.002939	Saline
9	2	54	0.004783	Psilo_1
11	1	54	0.007933	Psilo_0.3
19	0	54	0.006126	Saline
20	1	54	0.007866	Psilo_0.3
16	0	54	0.003188	Saline
15	2	54	0.006597	Psilo_1
14	1	54	0.013902	Psilo_0.3
6	2	54	0.012150	Psilo_1
18	2	54	0.003650	Psilo_1
13	0	54	0.010480	Saline
4	0	54	0.003771	Saline
17	1	54	0.010876	Psilo_0.3
22	0	54	0.009370	Saline
2	1	54	0.006388	Psilo_0.3
10	0	54	0.005536	Saline
23	1	54	0.005013	Psilo_0.3
12	2	54	0.003305	Psilo_1
3	2	54	0.001912	Psilo_1
5	1	54	0.007449	Psilo_0.3
8	1	54	0.010619	Psilo_0.3
24	2	55	0.000796	Psilo_1
21	2	55	0.007047	Psilo_1
7	0	55	0.008476	Saline
1	0	55	0.001737	Saline
9	2	55	0.005600	Psilo_1
11	1	55	0.007323	Psilo_0.3
19	0	55	0.002205	Saline
20	1	55	0.001923	Psilo_0.3
16	0	55	0.001449	Saline
15	2	55	0.004765	Psilo_1
14	1	55	0.002828	Psilo_0.3
6	2	55	0.011475	Psilo_1
18	2	55	0.014399	Psilo_1
13	0	55	0.012052	Saline
4	0	55	0.002866	Saline
17	1	55	0.000906	Psilo_0.3
22	0	55	0.007726	Saline
2	1	55	0.009999	Psilo_0.3
10	0	55	0.005694	Saline
23	1	55	0.008405	Psilo_0.3
12	2	55	0.005508	Psilo_1
3	2	55	0.001275	Psilo_1
5	1	55	0.015891	Psilo_0.3
8	1	55	0.007825	Psilo_0.3
24	2	56	0.010881	Psilo_1
21	2	56	0.060968	Psilo_1
7	0	56	0.000144	Saline
1	0	56	0.000000	Saline
9	2	56	0.000000	Psilo_1
11	1	56	0.000000	Psilo_0.3
19	0	56	0.148003	Saline
20	1	56	0.000000	Psilo_0.3
16	0	56	0.000000	Saline
15	2	56	0.000000	Psilo_1
14	1	56	0.000000	Psilo_0.3
6	2	56	0.000000	Psilo_1
18	2	56	0.000000	Psilo_1
13	0	56	0.000000	Saline
4	0	56	0.000000	Saline
17	1	56	0.000000	Psilo_0.3
22	0	56	0.000000	Saline
2	1	56	0.000000	Psilo_0.3
10	0	56	0.000000	Saline
23	1	56	0.000000	Psilo_0.3
12	2	56	0.005288	Psilo_1
3	2	56	0.000000	Psilo_1
5	1	56	0.000000	Psilo_0.3
8	1	56	0.000000	Psilo_0.3
24	2	57	0.005042	Psilo_1
21	2	57	0.001225	Psilo_1
7	0	57	0.001724	Saline
1	0	57	0.001603	Saline
9	2	57	0.016216	Psilo_1
11	1	57	0.003865	Psilo_0.3
19	0	57	0.003185	Saline
20	1	57	0.006817	Psilo_0.3
16	0	57	0.002512	Saline
15	2	57	0.008063	Psilo_1
14	1	57	0.001885	Psilo_0.3
6	2	57	0.002700	Psilo_1
18	2	57	0.008518	Psilo_1
13	0	57	0.002620	Saline
4	0	57	0.004977	Saline
17	1	57	0.006042	Psilo_0.3
22	0	57	0.000822	Saline
2	1	57	0.022775	Psilo_0.3
10	0	57	0.005220	Saline
23	1	57	0.006193	Psilo_0.3
12	2	57	0.010795	Psilo_1
3	2	57	0.002124	Psilo_1
5	1	57	0.008939	Psilo_0.3
8	1	57	0.006846	Psilo_0.3
24	2	58	0.000000	Psilo_1
21	2	58	0.001225	Psilo_1
7	0	58	0.009338	Saline
1	0	58	0.004008	Saline
9	2	58	0.001283	Psilo_1
11	1	58	0.003458	Psilo_0.3
19	0	58	0.006616	Saline
20	1	58	0.006817	Psilo_0.3
16	0	58	0.005121	Saline
15	2	58	0.001466	Psilo_1
14	1	58	0.000000	Psilo_0.3
6	2	58	0.006244	Psilo_1
18	2	58	0.003650	Psilo_1
13	0	58	0.008734	Saline
4	0	58	0.009653	Saline
17	1	58	0.000000	Psilo_0.3
22	0	58	0.017919	Saline
2	1	58	0.007638	Psilo_0.3
10	0	58	0.006485	Saline
23	1	58	0.006635	Psilo_0.3
12	2	58	0.003525	Psilo_1
3	2	58	0.000000	Psilo_1
5	1	58	0.010925	Psilo_0.3
8	1	58	0.006567	Psilo_0.3
24	2	59	0.000265	Psilo_1
21	2	59	0.002451	Psilo_1
7	0	59	0.005603	Saline
1	0	59	0.017101	Saline
9	2	59	0.000700	Psilo_1
11	1	59	0.015053	Psilo_0.3
19	0	59	0.001470	Saline
20	1	59	0.002797	Psilo_0.3
16	0	59	0.011111	Saline
15	2	59	0.001100	Psilo_1
14	1	59	0.004006	Psilo_0.3
6	2	59	0.006412	Psilo_1
18	2	59	0.007098	Psilo_1
13	0	59	0.010480	Saline
4	0	59	0.011463	Saline
17	1	59	0.000604	Psilo_0.3
22	0	59	0.007398	Saline
2	1	59	0.001111	Psilo_0.3
10	0	59	0.006802	Saline
23	1	59	0.000147	Psilo_0.3
12	2	59	0.001763	Psilo_1
3	2	59	0.000850	Psilo_1
5	1	59	0.001986	Psilo_0.3
8	1	59	0.005030	Psilo_0.3
24	2	60	0.001327	Psilo_1
21	2	60	0.012561	Psilo_1
7	0	60	0.002299	Saline
1	0	60	0.001336	Saline
9	2	60	0.000117	Psilo_1
11	1	60	0.018104	Psilo_0.3
19	0	60	0.026954	Saline
20	1	60	0.000175	Psilo_0.3
16	0	60	0.005411	Saline
15	2	60	0.001833	Psilo_1
14	1	60	0.001649	Psilo_0.3
6	2	60	0.002531	Psilo_1
18	2	60	0.004867	Psilo_1
13	0	60	0.007336	Saline
4	0	60	0.000302	Saline
17	1	60	0.001511	Psilo_0.3
22	0	60	0.018576	Saline
2	1	60	0.005694	Psilo_0.3
10	0	60	0.003638	Saline
23	1	60	0.003981	Psilo_0.3
12	2	60	0.003084	Psilo_1
3	2	60	0.001275	Psilo_1
5	1	60	0.014071	Psilo_0.3
8	1	60	0.005589	Psilo_0.3
24	2	61	0.001858	Psilo_1
21	2	61	0.003983	Psilo_1
7	0	61	0.011062	Saline
1	0	61	0.004275	Saline
9	2	61	0.001167	Psilo_1
11	1	61	0.006916	Psilo_0.3
19	0	61	0.006616	Saline
20	1	61	0.008740	Psilo_0.3
16	0	61	0.003768	Saline
15	2	61	0.003665	Psilo_1
14	1	61	0.003299	Psilo_0.3
6	2	61	0.004556	Psilo_1
18	2	61	0.004664	Psilo_1
13	0	61	0.009432	Saline
4	0	61	0.014178	Saline
17	1	61	0.001511	Psilo_0.3
22	0	61	0.008548	Saline
2	1	61	0.003611	Psilo_0.3
10	0	61	0.006802	Saline
23	1	61	0.006930	Psilo_0.3
12	2	61	0.001763	Psilo_1
3	2	61	0.001487	Psilo_1
5	1	61	0.005297	Psilo_0.3
8	1	61	0.003493	Psilo_0.3
24	2	62	0.002123	Psilo_1
21	2	62	0.003983	Psilo_1
7	0	62	0.004741	Saline
1	0	62	0.002939	Saline
9	2	62	0.001983	Psilo_1
11	1	62	0.005289	Psilo_0.3
19	0	62	0.004411	Saline
20	1	62	0.007691	Psilo_0.3
16	0	62	0.001546	Saline
15	2	62	0.007513	Psilo_1
14	1	62	0.009189	Psilo_0.3
6	2	62	0.012487	Psilo_1
18	2	62	0.004056	Psilo_1
13	0	62	0.002795	Saline
4	0	62	0.003017	Saline
17	1	62	0.010574	Psilo_0.3
22	0	62	0.008713	Saline
2	1	62	0.010137	Psilo_0.3
10	0	62	0.002531	Saline
23	1	62	0.005456	Psilo_0.3
12	2	62	0.004186	Psilo_1
3	2	62	0.000637	Psilo_1
5	1	62	0.009270	Psilo_0.3
8	1	62	0.007405	Psilo_0.3
24	2	63	0.002654	Psilo_1
21	2	63	0.003064	Psilo_1
7	0	63	0.004453	Saline
1	0	63	0.003741	Saline
9	2	63	0.010383	Psilo_1
11	1	63	0.003865	Psilo_0.3
19	0	63	0.001715	Saline
20	1	63	0.004370	Psilo_0.3
16	0	63	0.001256	Saline
15	2	63	0.005864	Psilo_1
14	1	63	0.001649	Psilo_0.3
6	2	63	0.000506	Psilo_1
18	2	63	0.014602	Psilo_1
13	0	63	0.004192	Saline
4	0	63	0.003771	Saline
17	1	63	0.004230	Psilo_0.3
22	0	63	0.001151	Saline
2	1	63	0.015692	Psilo_0.3
10	0	63	0.003322	Saline
23	1	63	0.003391	Psilo_0.3
12	2	63	0.021591	Psilo_1
3	2	63	0.000425	Psilo_1
5	1	63	0.004469	Psilo_0.3
8	1	63	0.004331	Psilo_0.3
24	2	64	0.007166	Psilo_1
21	2	64	0.002145	Psilo_1
7	0	64	0.003304	Saline
1	0	64	0.001603	Saline
9	2	64	0.000467	Psilo_1
11	1	64	0.007730	Psilo_0.3
19	0	64	0.007351	Saline
20	1	64	0.005943	Psilo_0.3
16	0	64	0.001159	Saline
15	2	64	0.010445	Psilo_1
14	1	64	0.012017	Psilo_0.3
6	2	64	0.004050	Psilo_1
18	2	64	0.000608	Psilo_1
13	0	64	0.004541	Saline
4	0	64	0.001357	Saline
17	1	64	0.010272	Psilo_0.3
22	0	64	0.001315	Saline
2	1	64	0.005833	Psilo_0.3
10	0	64	0.005220	Saline
23	1	64	0.012238	Psilo_0.3
12	2	64	0.007711	Psilo_1
3	2	64	0.004249	Psilo_1
5	1	64	0.011753	Psilo_0.3
8	1	64	0.006567	Psilo_0.3
24	2	65	0.000265	Psilo_1
21	2	65	0.004902	Psilo_1
7	0	65	0.006034	Saline
1	0	65	0.000668	Saline
9	2	65	0.000933	Psilo_1
11	1	65	0.010171	Psilo_0.3
19	0	65	0.002205	Saline
20	1	65	0.001573	Psilo_0.3
16	0	65	0.004348	Saline
15	2	65	0.005131	Psilo_1
14	1	65	0.001649	Psilo_0.3
6	2	65	0.010462	Psilo_1
18	2	65	0.011965	Psilo_1
13	0	65	0.009956	Saline
4	0	65	0.002715	Saline
17	1	65	0.000000	Psilo_0.3
22	0	65	0.007562	Saline
2	1	65	0.009582	Psilo_0.3
10	0	65	0.004429	Saline
23	1	65	0.005603	Psilo_0.3
12	2	65	0.002203	Psilo_1
3	2	65	0.000000	Psilo_1
5	1	65	0.010925	Psilo_0.3
8	1	65	0.005868	Psilo_0.3
24	2	66	0.007166	Psilo_1
21	2	66	0.004902	Psilo_1
7	0	66	0.008332	Saline
1	0	66	0.001336	Saline
9	2	66	0.001983	Psilo_1
11	1	66	0.003865	Psilo_0.3
19	0	66	0.001715	Saline
20	1	66	0.005069	Psilo_0.3
16	0	66	0.001256	Saline
15	2	66	0.010262	Psilo_1
14	1	66	0.001649	Psilo_0.3
6	2	66	0.005400	Psilo_1
18	2	66	0.005273	Psilo_1
13	0	66	0.007336	Saline
4	0	66	0.008748	Saline
17	1	66	0.003323	Psilo_0.3
22	0	66	0.002466	Saline
2	1	66	0.009582	Psilo_0.3
10	0	66	0.004429	Saline
23	1	66	0.004718	Psilo_0.3
12	2	66	0.013659	Psilo_1
3	2	66	0.000425	Psilo_1
5	1	66	0.005959	Psilo_0.3
8	1	66	0.005449	Psilo_0.3
24	2	67	0.001592	Psilo_1
21	2	67	0.001225	Psilo_1
7	0	67	0.003304	Saline
1	0	67	0.002271	Saline
9	2	67	0.001050	Psilo_1
11	1	67	0.010578	Psilo_0.3
19	0	67	0.006616	Saline
20	1	67	0.012410	Psilo_0.3
16	0	67	0.000676	Saline
15	2	67	0.003299	Psilo_1
14	1	67	0.000000	Psilo_0.3
6	2	67	0.000675	Psilo_1
18	2	67	0.009532	Psilo_1
13	0	67	0.002096	Saline
4	0	67	0.014027	Saline
17	1	67	0.000000	Psilo_0.3
22	0	67	0.000986	Saline
2	1	67	0.009721	Psilo_0.3
10	0	67	0.009016	Saline
23	1	67	0.002359	Psilo_0.3
12	2	67	0.015863	Psilo_1
3	2	67	0.000425	Psilo_1
5	1	67	0.003807	Psilo_0.3
8	1	67	0.003493	Psilo_0.3
24	2	68	0.053875	Psilo_1
21	2	68	0.005821	Psilo_1
7	0	68	0.000000	Saline
1	0	68	0.000134	Saline
9	2	68	0.000000	Psilo_1
11	1	68	0.000000	Psilo_0.3
19	0	68	0.050723	Saline
20	1	68	0.011886	Psilo_0.3
16	0	68	0.000000	Saline
15	2	68	0.000000	Psilo_1
14	1	68	0.000000	Psilo_0.3
6	2	68	0.000337	Psilo_1
18	2	68	0.000406	Psilo_1
13	0	68	0.000349	Saline
4	0	68	0.000302	Saline
17	1	68	0.000000	Psilo_0.3
22	0	68	0.000000	Saline
2	1	68	0.000000	Psilo_0.3
10	0	68	0.007909	Saline
23	1	68	0.000295	Psilo_0.3
12	2	68	0.000220	Psilo_1
3	2	68	0.016571	Psilo_1
5	1	68	0.000166	Psilo_0.3
8	1	68	0.000699	Psilo_0.3
24	2	69	0.009820	Psilo_1
21	2	69	0.007659	Psilo_1
7	0	69	0.003304	Saline
1	0	69	0.001737	Saline
9	2	69	0.000467	Psilo_1
11	1	69	0.006306	Psilo_0.3
19	0	69	0.002940	Saline
20	1	69	0.007341	Psilo_0.3
16	0	69	0.002802	Saline
15	2	69	0.008430	Psilo_1
14	1	69	0.013195	Psilo_0.3
6	2	69	0.006244	Psilo_1
18	2	69	0.002434	Psilo_1
13	0	69	0.005590	Saline
4	0	69	0.001961	Saline
17	1	69	0.009970	Psilo_0.3
22	0	69	0.003781	Saline
2	1	69	0.003194	Psilo_0.3
10	0	69	0.002056	Saline
23	1	69	0.004423	Psilo_0.3
12	2	69	0.000441	Psilo_1
3	2	69	0.002974	Psilo_1
5	1	69	0.008277	Psilo_0.3
8	1	69	0.004890	Psilo_0.3
24	2	70	0.009289	Psilo_1
21	2	70	0.008578	Psilo_1
7	0	70	0.001868	Saline
1	0	70	0.000267	Saline
9	2	70	0.000117	Psilo_1
11	1	70	0.006103	Psilo_0.3
19	0	70	0.007596	Saline
20	1	70	0.000175	Psilo_0.3
16	0	70	0.001063	Saline
15	2	70	0.006780	Psilo_1
14	1	70	0.011546	Psilo_0.3
6	2	70	0.000169	Psilo_1
18	2	70	0.000203	Psilo_1
13	0	70	0.001223	Saline
4	0	70	0.000000	Saline
17	1	70	0.000302	Psilo_0.3
22	0	70	0.002466	Saline
2	1	70	0.010554	Psilo_0.3
10	0	70	0.001898	Saline
23	1	70	0.003539	Psilo_0.3
12	2	70	0.000441	Psilo_1
3	2	70	0.033142	Psilo_1
5	1	70	0.003311	Psilo_0.3
8	1	70	0.007405	Psilo_0.3
24	2	71	0.000000	Psilo_1
21	2	71	0.000000	Psilo_1
7	0	71	0.000287	Saline
1	0	71	0.000267	Saline
9	2	71	0.000000	Psilo_1
11	1	71	0.000000	Psilo_0.3
19	0	71	0.000245	Saline
20	1	71	0.000000	Psilo_0.3
16	0	71	0.049372	Saline
15	2	71	0.000000	Psilo_1
14	1	71	0.000000	Psilo_0.3
6	2	71	0.000000	Psilo_1
18	2	71	0.001420	Psilo_1
13	0	71	0.000349	Saline
4	0	71	0.000000	Saline
17	1	71	0.000000	Psilo_0.3
22	0	71	0.000000	Saline
2	1	71	0.000833	Psilo_0.3
10	0	71	0.000000	Saline
23	1	71	0.007815	Psilo_0.3
12	2	71	0.000000	Psilo_1
3	2	71	0.000000	Psilo_1
5	1	71	0.000000	Psilo_0.3
8	1	71	0.000559	Psilo_0.3
24	2	72	0.000000	Psilo_1
21	2	72	0.002451	Psilo_1
7	0	72	0.000000	Saline
1	0	72	0.000000	Saline
9	2	72	0.000000	Psilo_1
11	1	72	0.000000	Psilo_0.3
19	0	72	0.109042	Saline
20	1	72	0.000175	Psilo_0.3
16	0	72	0.000000	Saline
15	2	72	0.000000	Psilo_1
14	1	72	0.000000	Psilo_0.3
6	2	72	0.000000	Psilo_1
18	2	72	0.014602	Psilo_1
13	0	72	0.000000	Saline
4	0	72	0.000000	Saline
17	1	72	0.000000	Psilo_0.3
22	0	72	0.000000	Saline
2	1	72	0.000000	Psilo_0.3
10	0	72	0.002373	Saline
23	1	72	0.000000	Psilo_0.3
12	2	72	0.005288	Psilo_1
3	2	72	0.001062	Psilo_1
5	1	72	0.000000	Psilo_0.3
8	1	72	0.000000	Psilo_0.3
24	2	73	0.001858	Psilo_1
21	2	73	0.004289	Psilo_1
7	0	73	0.003735	Saline
1	0	73	0.001202	Saline
9	2	73	0.000467	Psilo_1
11	1	73	0.001424	Psilo_0.3
19	0	73	0.005636	Saline
20	1	73	0.005244	Psilo_0.3
16	0	73	0.000290	Saline
15	2	73	0.004948	Psilo_1
14	1	73	0.007540	Psilo_0.3
6	2	73	0.009619	Psilo_1
18	2	73	0.003245	Psilo_1
13	0	73	0.004541	Saline
4	0	73	0.001508	Saline
17	1	73	0.025076	Psilo_0.3
22	0	73	0.001480	Saline
2	1	73	0.004583	Psilo_0.3
10	0	73	0.001424	Saline
23	1	73	0.004276	Psilo_0.3
12	2	73	0.005728	Psilo_1
3	2	73	0.002762	Psilo_1
5	1	73	0.006290	Psilo_0.3
8	1	73	0.003773	Psilo_0.3
24	2	74	0.000796	Psilo_1
21	2	74	0.003064	Psilo_1
7	0	74	0.003735	Saline
1	0	74	0.000401	Saline
9	2	74	0.000700	Psilo_1
11	1	74	0.001627	Psilo_0.3
19	0	74	0.005391	Saline
20	1	74	0.006992	Psilo_0.3
16	0	74	0.000193	Saline
15	2	74	0.011362	Psilo_1
14	1	74	0.010839	Psilo_0.3
6	2	74	0.005737	Psilo_1
18	2	74	0.000203	Psilo_1
13	0	74	0.003843	Saline
4	0	74	0.000905	Saline
17	1	74	0.010876	Psilo_0.3
22	0	74	0.002137	Saline
2	1	74	0.004444	Psilo_0.3
10	0	74	0.000475	Saline
23	1	74	0.004718	Psilo_0.3
12	2	74	0.009033	Psilo_1
3	2	74	0.001912	Psilo_1
5	1	74	0.008111	Psilo_0.3
8	1	74	0.001537	Psilo_0.3
24	2	75	0.003450	Psilo_1
21	2	75	0.000613	Psilo_1
7	0	75	0.003879	Saline
1	0	75	0.001202	Saline
9	2	75	0.004316	Psilo_1
11	1	75	0.002034	Psilo_0.3
19	0	75	0.000000	Saline
20	1	75	0.002272	Psilo_0.3
16	0	75	0.005314	Saline
15	2	75	0.001833	Psilo_1
14	1	75	0.000471	Psilo_0.3
6	2	75	0.000000	Psilo_1
18	2	75	0.011965	Psilo_1
13	0	75	0.000524	Saline
4	0	75	0.003017	Saline
17	1	75	0.001511	Psilo_0.3
22	0	75	0.000329	Saline
2	1	75	0.007638	Psilo_0.3
10	0	75	0.001424	Saline
23	1	75	0.009732	Psilo_0.3
12	2	75	0.003525	Psilo_1
3	2	75	0.000212	Psilo_1
5	1	75	0.000662	Psilo_0.3
8	1	75	0.006288	Psilo_0.3
24	2	76	0.000265	Psilo_1
21	2	76	0.000000	Psilo_1
7	0	76	0.000144	Saline
1	0	76	0.025117	Saline
9	2	76	0.005600	Psilo_1
11	1	76	0.000203	Psilo_0.3
19	0	76	0.000000	Saline
20	1	76	0.000000	Psilo_0.3
16	0	76	0.003671	Saline
15	2	76	0.000000	Psilo_1
14	1	76	0.000000	Psilo_0.3
6	2	76	0.001856	Psilo_1
18	2	76	0.000000	Psilo_1
13	0	76	0.000524	Saline
4	0	76	0.000000	Saline
17	1	76	0.000302	Psilo_0.3
22	0	76	0.001151	Saline
2	1	76	0.000000	Psilo_0.3
10	0	76	0.000316	Saline
23	1	76	0.000000	Psilo_0.3
12	2	76	0.000220	Psilo_1
3	2	76	0.000000	Psilo_1
5	1	76	0.000166	Psilo_0.3
8	1	76	0.011178	Psilo_0.3
24	2	77	0.003185	Psilo_1
21	2	77	0.003676	Psilo_1
7	0	77	0.001724	Saline
1	0	77	0.000134	Saline
9	2	77	0.000467	Psilo_1
11	1	77	0.005085	Psilo_0.3
19	0	77	0.004166	Saline
20	1	77	0.000350	Psilo_0.3
16	0	77	0.000386	Saline
15	2	77	0.006414	Psilo_1
14	1	77	0.002121	Psilo_0.3
6	2	77	0.000169	Psilo_1
18	2	77	0.006490	Psilo_1
13	0	77	0.000699	Saline
4	0	77	0.000151	Saline
17	1	77	0.000000	Psilo_0.3
22	0	77	0.001151	Saline
2	1	77	0.010693	Psilo_0.3
10	0	77	0.002056	Saline
23	1	77	0.002802	Psilo_0.3
12	2	77	0.003305	Psilo_1
3	2	77	0.008710	Psilo_1
5	1	77	0.001986	Psilo_0.3
8	1	77	0.002236	Psilo_0.3
24	2	78	0.001592	Psilo_1
21	2	78	0.007047	Psilo_1
7	0	78	0.002729	Saline
1	0	78	0.000534	Saline
9	2	78	0.000933	Psilo_1
11	1	78	0.003865	Psilo_0.3
19	0	78	0.007596	Saline
20	1	78	0.000524	Psilo_0.3
16	0	78	0.000773	Saline
15	2	78	0.004215	Psilo_1
14	1	78	0.002121	Psilo_0.3
6	2	78	0.000506	Psilo_1
18	2	78	0.005678	Psilo_1
13	0	78	0.001048	Saline
4	0	78	0.000302	Saline
17	1	78	0.001208	Psilo_0.3
22	0	78	0.002301	Saline
2	1	78	0.008749	Psilo_0.3
10	0	78	0.000633	Saline
23	1	78	0.002949	Psilo_0.3
12	2	78	0.006389	Psilo_1
3	2	78	0.002124	Psilo_1
5	1	78	0.003311	Psilo_0.3
8	1	78	0.000699	Psilo_0.3
24	2	79	0.001592	Psilo_1
21	2	79	0.000613	Psilo_1
7	0	79	0.003160	Saline
1	0	79	0.001069	Saline
9	2	79	0.000700	Psilo_1
11	1	79	0.001221	Psilo_0.3
19	0	79	0.003431	Saline
20	1	79	0.000524	Psilo_0.3
16	0	79	0.000580	Saline
15	2	79	0.001283	Psilo_1
14	1	79	0.000236	Psilo_0.3
6	2	79	0.000675	Psilo_1
18	2	79	0.008720	Psilo_1
13	0	79	0.000000	Saline
4	0	79	0.001207	Saline
17	1	79	0.000302	Psilo_0.3
22	0	79	0.000329	Saline
2	1	79	0.008749	Psilo_0.3
10	0	79	0.006643	Saline
23	1	79	0.003244	Psilo_0.3
12	2	79	0.002203	Psilo_1
3	2	79	0.000637	Psilo_1
5	1	79	0.001324	Psilo_0.3
8	1	79	0.001816	Psilo_0.3
24	2	80	0.000000	Psilo_1
21	2	80	0.001532	Psilo_1
7	0	80	0.002299	Saline
1	0	80	0.000401	Saline
9	2	80	0.000350	Psilo_1
11	1	80	0.000814	Psilo_0.3
19	0	80	0.000000	Saline
20	1	80	0.000524	Psilo_0.3
16	0	80	0.000773	Saline
15	2	80	0.001466	Psilo_1
14	1	80	0.000000	Psilo_0.3
6	2	80	0.003206	Psilo_1
18	2	80	0.001622	Psilo_1
13	0	80	0.005939	Saline
4	0	80	0.000905	Saline
17	1	80	0.000000	Psilo_0.3
22	0	80	0.006576	Saline
2	1	80	0.000833	Psilo_0.3
10	0	80	0.000316	Saline
23	1	80	0.004129	Psilo_0.3
12	2	80	0.000881	Psilo_1
3	2	80	0.000000	Psilo_1
5	1	80	0.010098	Psilo_0.3
8	1	80	0.002236	Psilo_0.3
24	2	81	0.010881	Psilo_1
21	2	81	0.052390	Psilo_1
7	0	81	0.000144	Saline
1	0	81	0.000000	Saline
9	2	81	0.000000	Psilo_1
11	1	81	0.000000	Psilo_0.3
19	0	81	0.010047	Saline
20	1	81	0.000000	Psilo_0.3
16	0	81	0.000000	Saline
15	2	81	0.000000	Psilo_1
14	1	81	0.000000	Psilo_0.3
6	2	81	0.000000	Psilo_1
18	2	81	0.000000	Psilo_1
13	0	81	0.000000	Saline
4	0	81	0.000000	Saline
17	1	81	0.000000	Psilo_0.3
22	0	81	0.000164	Saline
2	1	81	0.000000	Psilo_0.3
10	0	81	0.000000	Saline
23	1	81	0.000000	Psilo_0.3
12	2	81	0.000000	Psilo_1
3	2	81	0.000000	Psilo_1
5	1	81	0.000000	Psilo_0.3
8	1	81	0.000000	Psilo_0.3
24	2	82	0.000796	Psilo_1
21	2	82	0.001838	Psilo_1
7	0	82	0.002011	Saline
1	0	82	0.000267	Saline
9	2	82	0.000467	Psilo_1
11	1	82	0.001831	Psilo_0.3
19	0	82	0.000245	Saline
20	1	82	0.001573	Psilo_0.3
16	0	82	0.001739	Saline
15	2	82	0.003665	Psilo_1
14	1	82	0.000000	Psilo_0.3
6	2	82	0.003375	Psilo_1
18	2	82	0.002434	Psilo_1
13	0	82	0.002795	Saline
4	0	82	0.001357	Saline
17	1	82	0.000000	Psilo_0.3
22	0	82	0.001151	Saline
2	1	82	0.001528	Psilo_0.3
10	0	82	0.000475	Saline
23	1	82	0.002507	Psilo_0.3
12	2	82	0.001322	Psilo_1
3	2	82	0.000000	Psilo_1
5	1	82	0.003973	Psilo_0.3
8	1	82	0.002096	Psilo_0.3
24	2	83	0.000000	Psilo_1
21	2	83	0.000306	Psilo_1
7	0	83	0.000000	Saline
1	0	83	0.000000	Saline
9	2	83	0.000000	Psilo_1
11	1	83	0.000000	Psilo_0.3
19	0	83	0.000000	Saline
20	1	83	0.000000	Psilo_0.3
16	0	83	0.000580	Saline
15	2	83	0.000000	Psilo_1
14	1	83	0.004006	Psilo_0.3
6	2	83	0.000000	Psilo_1
18	2	83	0.000000	Psilo_1
13	0	83	0.000000	Saline
4	0	83	0.000000	Saline
17	1	83	0.000000	Psilo_0.3
22	0	83	0.030413	Saline
2	1	83	0.000000	Psilo_0.3
10	0	83	0.000000	Saline
23	1	83	0.000000	Psilo_0.3
12	2	83	0.000000	Psilo_1
3	2	83	0.000000	Psilo_1
5	1	83	0.000166	Psilo_0.3
8	1	83	0.000140	Psilo_0.3
24	2	84	0.000000	Psilo_1
21	2	84	0.015319	Psilo_1
7	0	84	0.000000	Saline
1	0	84	0.000000	Saline
9	2	84	0.000000	Psilo_1
11	1	84	0.000000	Psilo_0.3
19	0	84	0.000000	Saline
20	1	84	0.001398	Psilo_0.3
16	0	84	0.000000	Saline
15	2	84	0.000000	Psilo_1
14	1	84	0.000000	Psilo_0.3
6	2	84	0.000000	Psilo_1
18	2	84	0.000000	Psilo_1
13	0	84	0.000000	Saline
4	0	84	0.000000	Saline
17	1	84	0.023867	Psilo_0.3
22	0	84	0.000000	Saline
2	1	84	0.000000	Psilo_0.3
10	0	84	0.000000	Saline
23	1	84	0.000000	Psilo_0.3
12	2	84	0.016303	Psilo_1
3	2	84	0.000000	Psilo_1
5	1	84	0.000000	Psilo_0.3
8	1	84	0.000000	Psilo_0.3
24	2	85	0.000000	Psilo_1
21	2	85	0.000000	Psilo_1
7	0	85	0.000000	Saline
1	0	85	0.000000	Saline
9	2	85	0.000000	Psilo_1
11	1	85	0.000000	Psilo_0.3
19	0	85	0.000000	Saline
20	1	85	0.000000	Psilo_0.3
16	0	85	0.000000	Saline
15	2	85	0.000000	Psilo_1
14	1	85	0.000000	Psilo_0.3
6	2	85	0.000000	Psilo_1
18	2	85	0.000000	Psilo_1
13	0	85	0.000000	Saline
4	0	85	0.000000	Saline
17	1	85	0.000000	Psilo_0.3
22	0	85	0.000000	Saline
2	1	85	0.000000	Psilo_0.3
10	0	85	0.000000	Saline
23	1	85	0.000000	Psilo_0.3
12	2	85	0.028641	Psilo_1
3	2	85	0.000000	Psilo_1
5	1	85	0.000000	Psilo_0.3
8	1	85	0.000000	Psilo_0.3
24	2	86	0.000000	Psilo_1
21	2	86	0.000919	Psilo_1
7	0	86	0.000431	Saline
1	0	86	0.000802	Saline
9	2	86	0.000000	Psilo_1
11	1	86	0.001831	Psilo_0.3
19	0	86	0.001960	Saline
20	1	86	0.001049	Psilo_0.3
16	0	86	0.000483	Saline
15	2	86	0.000550	Psilo_1
14	1	86	0.000000	Psilo_0.3
6	2	86	0.000337	Psilo_1
18	2	86	0.001622	Psilo_1
13	0	86	0.000000	Saline
4	0	86	0.000905	Saline
17	1	86	0.000302	Psilo_0.3
22	0	86	0.000822	Saline
2	1	86	0.000000	Psilo_0.3
10	0	86	0.001582	Saline
23	1	86	0.000147	Psilo_0.3
12	2	86	0.000220	Psilo_1
3	2	86	0.002549	Psilo_1
5	1	86	0.000166	Psilo_0.3
8	1	86	0.000419	Psilo_0.3
24	2	87	0.000000	Psilo_1
21	2	87	0.000000	Psilo_1
7	0	87	0.000287	Saline
1	0	87	0.000000	Saline
9	2	87	0.000000	Psilo_1
11	1	87	0.000000	Psilo_0.3
19	0	87	0.000490	Saline
20	1	87	0.000000	Psilo_0.3
16	0	87	0.003188	Saline
15	2	87	0.000000	Psilo_1
14	1	87	0.000000	Psilo_0.3
6	2	87	0.000000	Psilo_1
18	2	87	0.004462	Psilo_1
13	0	87	0.000000	Saline
4	0	87	0.000000	Saline
17	1	87	0.000000	Psilo_0.3
22	0	87	0.000000	Saline
2	1	87	0.001528	Psilo_0.3
10	0	87	0.000158	Saline
23	1	87	0.000000	Psilo_0.3
12	2	87	0.000000	Psilo_1
3	2	87	0.000000	Psilo_1
5	1	87	0.000166	Psilo_0.3
8	1	87	0.000279	Psilo_0.3
24	2	88	0.000000	Psilo_1
21	2	88	0.000000	Psilo_1
7	0	88	0.000000	Saline
1	0	88	0.000000	Saline
9	2	88	0.000000	Psilo_1
11	1	88	0.000000	Psilo_0.3
19	0	88	0.000000	Saline
20	1	88	0.000000	Psilo_0.3
16	0	88	0.000000	Saline
15	2	88	0.000000	Psilo_1
14	1	88	0.000000	Psilo_0.3
6	2	88	0.000000	Psilo_1
18	2	88	0.000000	Psilo_1
13	0	88	0.000000	Saline
4	0	88	0.000000	Saline
17	1	88	0.000000	Psilo_0.3
22	0	88	0.000000	Saline
2	1	88	0.000000	Psilo_0.3
10	0	88	0.000000	Saline
23	1	88	0.000000	Psilo_0.3
12	2	88	0.013880	Psilo_1
3	2	88	0.000000	Psilo_1
5	1	88	0.000000	Psilo_0.3
8	1	88	0.000000	Psilo_0.3
24	2	89	0.000000	Psilo_1
21	2	89	0.000000	Psilo_1
7	0	89	0.000000	Saline
1	0	89	0.000000	Saline
9	2	89	0.000000	Psilo_1
11	1	89	0.000000	Psilo_0.3
19	0	89	0.000000	Saline
20	1	89	0.000000	Psilo_0.3
16	0	89	0.000000	Saline
15	2	89	0.000000	Psilo_1
14	1	89	0.000000	Psilo_0.3
6	2	89	0.000000	Psilo_1
18	2	89	0.000000	Psilo_1
13	0	89	0.002445	Saline
4	0	89	0.000000	Saline
17	1	89	0.000000	Psilo_0.3
22	0	89	0.004274	Saline
2	1	89	0.000000	Psilo_0.3
10	0	89	0.000000	Saline
23	1	89	0.000000	Psilo_0.3
12	2	89	0.000000	Psilo_1
3	2	89	0.000000	Psilo_1
5	1	89	0.000000	Psilo_0.3
8	1	89	0.000000	Psilo_0.3
24	2	90	0.000000	Psilo_1
21	2	90	0.000000	Psilo_1
7	0	90	0.000000	Saline
1	0	90	0.000000	Saline
9	2	90	0.000000	Psilo_1
11	1	90	0.000000	Psilo_0.3
19	0	90	0.000000	Saline
20	1	90	0.000000	Psilo_0.3
16	0	90	0.003478	Saline
15	2	90	0.000000	Psilo_1
14	1	90	0.000000	Psilo_0.3
6	2	90	0.000000	Psilo_1
18	2	90	0.000000	Psilo_1
13	0	90	0.000000	Saline
4	0	90	0.000000	Saline
17	1	90	0.000000	Psilo_0.3
22	0	90	0.000000	Saline
2	1	90	0.000000	Psilo_0.3
10	0	90	0.000000	Saline
23	1	90	0.000000	Psilo_0.3
12	2	90	0.000000	Psilo_1
3	2	90	0.000000	Psilo_1
5	1	90	0.000000	Psilo_0.3
8	1	90	0.000000	Psilo_0.3
24	2	91	0.000000	Psilo_1
21	2	91	0.005515	Psilo_1
7	0	91	0.000000	Saline
1	0	91	0.000000	Saline
9	2	91	0.000000	Psilo_1
11	1	91	0.001424	Psilo_0.3
19	0	91	0.000000	Saline
20	1	91	0.000000	Psilo_0.3
16	0	91	0.000000	Saline
15	2	91	0.000000	Psilo_1
14	1	91	0.000000	Psilo_0.3
6	2	91	0.000000	Psilo_1
18	2	91	0.000000	Psilo_1
13	0	91	0.000000	Saline
4	0	91	0.000000	Saline
17	1	91	0.000000	Psilo_0.3
22	0	91	0.000000	Saline
2	1	91	0.000000	Psilo_0.3
10	0	91	0.000000	Saline
23	1	91	0.000000	Psilo_0.3
12	2	91	0.000000	Psilo_1
3	2	91	0.000000	Psilo_1
5	1	91	0.000000	Psilo_0.3
8	1	91	0.000000	Psilo_0.3
24	2	92	0.000000	Psilo_1
21	2	92	0.000000	Psilo_1
7	0	92	0.000144	Saline
1	0	92	0.000000	Saline
9	2	92	0.000117	Psilo_1
11	1	92	0.000203	Psilo_0.3
19	0	92	0.000000	Saline
20	1	92	0.000000	Psilo_0.3
16	0	92	0.000097	Saline
15	2	92	0.000000	Psilo_1
14	1	92	0.000000	Psilo_0.3
6	2	92	0.000000	Psilo_1
18	2	92	0.000000	Psilo_1
13	0	92	0.000000	Saline
4	0	92	0.000151	Saline
17	1	92	0.000000	Psilo_0.3
22	0	92	0.000164	Saline
2	1	92	0.000139	Psilo_0.3
10	0	92	0.000000	Saline
23	1	92	0.000000	Psilo_0.3
12	2	92	0.000000	Psilo_1
3	2	92	0.000000	Psilo_1
5	1	92	0.000000	Psilo_0.3
8	1	92	0.000000	Psilo_0.3
24	2	93	0.000000	Psilo_1
21	2	93	0.000000	Psilo_1
7	0	93	0.000000	Saline
1	0	93	0.000000	Saline
9	2	93	0.000350	Psilo_1
11	1	93	0.000000	Psilo_0.3
19	0	93	0.000000	Saline
20	1	93	0.000000	Psilo_0.3
16	0	93	0.000000	Saline
15	2	93	0.000000	Psilo_1
14	1	93	0.000000	Psilo_0.3
6	2	93	0.000169	Psilo_1
18	2	93	0.000203	Psilo_1
13	0	93	0.000000	Saline
4	0	93	0.000000	Saline
17	1	93	0.000000	Psilo_0.3
22	0	93	0.000000	Saline
2	1	93	0.000000	Psilo_0.3
10	0	93	0.000000	Saline
23	1	93	0.000000	Psilo_0.3
12	2	93	0.000000	Psilo_1
3	2	93	0.000000	Psilo_1
5	1	93	0.000166	Psilo_0.3
8	1	93	0.000140	Psilo_0.3
24	2	94	0.000000	Psilo_1
21	2	94	0.000000	Psilo_1
7	0	94	0.000000	Saline
1	0	94	0.000134	Saline
9	2	94	0.000117	Psilo_1
11	1	94	0.000000	Psilo_0.3
19	0	94	0.000000	Saline
20	1	94	0.000000	Psilo_0.3
16	0	94	0.000000	Saline
15	2	94	0.000000	Psilo_1
14	1	94	0.000000	Psilo_0.3
6	2	94	0.000000	Psilo_1
18	2	94	0.000000	Psilo_1
13	0	94	0.000000	Saline
4	0	94	0.000000	Saline
17	1	94	0.000302	Psilo_0.3
22	0	94	0.000000	Saline
2	1	94	0.000000	Psilo_0.3
10	0	94	0.000000	Saline
23	1	94	0.000147	Psilo_0.3
12	2	94	0.000000	Psilo_1
3	2	94	0.000000	Psilo_1
5	1	94	0.000166	Psilo_0.3
8	1	94	0.000000	Psilo_0.3
24	2	95	0.000000	Psilo_1
21	2	95	0.000000	Psilo_1
7	0	95	0.000000	Saline
1	0	95	0.000000	Saline
9	2	95	0.000117	Psilo_1
11	1	95	0.000000	Psilo_0.3
19	0	95	0.000000	Saline
20	1	95	0.000000	Psilo_0.3
16	0	95	0.000097	Saline
15	2	95	0.000000	Psilo_1
14	1	95	0.000000	Psilo_0.3
6	2	95	0.000000	Psilo_1
18	2	95	0.000000	Psilo_1
13	0	95	0.000000	Saline
4	0	95	0.000000	Saline
17	1	95	0.000302	Psilo_0.3
22	0	95	0.000164	Saline
2	1	95	0.000000	Psilo_0.3
10	0	95	0.000000	Saline
23	1	95	0.000000	Psilo_0.3
12	2	95	0.000000	Psilo_1
3	2	95	0.000000	Psilo_1
5	1	95	0.000000	Psilo_0.3
8	1	95	0.000000	Psilo_0.3
24	2	96	0.000000	Psilo_1
21	2	96	0.000000	Psilo_1
7	0	96	0.000000	Saline
1	0	96	0.000000	Saline
9	2	96	0.000000	Psilo_1
11	1	96	0.000203	Psilo_0.3
19	0	96	0.000000	Saline
20	1	96	0.000000	Psilo_0.3
16	0	96	0.000097	Saline
15	2	96	0.000000	Psilo_1
14	1	96	0.000000	Psilo_0.3
6	2	96	0.000000	Psilo_1
18	2	96	0.000000	Psilo_1
13	0	96	0.000000	Saline
4	0	96	0.000000	Saline
17	1	96	0.000000	Psilo_0.3
22	0	96	0.000000	Saline
2	1	96	0.000000	Psilo_0.3
10	0	96	0.000000	Saline
23	1	96	0.000295	Psilo_0.3
12	2	96	0.000000	Psilo_1
3	2	96	0.000000	Psilo_1
5	1	96	0.000000	Psilo_0.3
8	1	96	0.000000	Psilo_0.3
24	2	97	0.000000	Psilo_1
21	2	97	0.000000	Psilo_1
7	0	97	0.000000	Saline
1	0	97	0.000000	Saline
9	2	97	0.000117	Psilo_1
11	1	97	0.000000	Psilo_0.3
19	0	97	0.000000	Saline
20	1	97	0.000000	Psilo_0.3
16	0	97	0.000000	Saline
15	2	97	0.000000	Psilo_1
14	1	97	0.000000	Psilo_0.3
6	2	97	0.000000	Psilo_1
18	2	97	0.000000	Psilo_1
13	0	97	0.000000	Saline
4	0	97	0.000000	Saline
17	1	97	0.000000	Psilo_0.3
22	0	97	0.000000	Saline
2	1	97	0.000000	Psilo_0.3
10	0	97	0.000158	Saline
23	1	97	0.000000	Psilo_0.3
12	2	97	0.000220	Psilo_1
3	2	97	0.000000	Psilo_1
5	1	97	0.000000	Psilo_0.3
8	1	97	0.000000	Psilo_0.3
24	2	98	0.000000	Psilo_1
21	2	98	0.000000	Psilo_1
7	0	98	0.000000	Saline
1	0	98	0.000000	Saline
9	2	98	0.000000	Psilo_1
11	1	98	0.000000	Psilo_0.3
19	0	98	0.000000	Saline
20	1	98	0.000000	Psilo_0.3
16	0	98	0.000097	Saline
15	2	98	0.000000	Psilo_1
14	1	98	0.000000	Psilo_0.3
6	2	98	0.000000	Psilo_1
18	2	98	0.000000	Psilo_1
13	0	98	0.000175	Saline
4	0	98	0.000000	Saline
17	1	98	0.000000	Psilo_0.3
22	0	98	0.000164	Saline
2	1	98	0.000000	Psilo_0.3
10	0	98	0.000000	Saline
23	1	98	0.000000	Psilo_0.3
12	2	98	0.000000	Psilo_1
3	2	98	0.000000	Psilo_1
5	1	98	0.000000	Psilo_0.3
8	1	98	0.000000	Psilo_0.3
24	2	99	0.000000	Psilo_1
21	2	99	0.000000	Psilo_1
7	0	99	0.000144	Saline
1	0	99	0.000000	Saline
9	2	99	0.000000	Psilo_1
11	1	99	0.000000	Psilo_0.3
19	0	99	0.000000	Saline
20	1	99	0.000000	Psilo_0.3
16	0	99	0.000000	Saline
15	2	99	0.000000	Psilo_1
14	1	99	0.000000	Psilo_0.3
6	2	99	0.000000	Psilo_1
18	2	99	0.000000	Psilo_1
13	0	99	0.000000	Saline
4	0	99	0.000000	Saline
17	1	99	0.000000	Psilo_0.3
22	0	99	0.000000	Saline
2	1	99	0.000000	Psilo_0.3
10	0	99	0.000000	Saline
23	1	99	0.000000	Psilo_0.3
12	2	99	0.000000	Psilo_1
3	2	99	0.000000	Psilo_1
5	1	99	0.000000	Psilo_0.3
8	1	99	0.000000	Psilo_0.3
