subject	group	syllable	usage	treat
1	0	0	0.097499	Saline
19	1	0	0.063648	2BrLSD_0.3
2	1	0	0.039630	2BrLSD_0.3
13	1	0	0.083488	2BrLSD_0.3
18	0	0	0.090510	Saline
17	2	0	0.018410	2BrLSD_1
5	1	0	0.097761	2BrLSD_0.3
12	0	0	0.105844	Saline
4	0	0	0.075385	Saline
22	1	0	0.094897	2BrLSD_0.3
8	1	0	0.061874	2BrLSD_0.3
6	2	0	0.085847	2BrLSD_1
23	2	0	0.063938	2BrLSD_1
11	1	0	0.048549	2BrLSD_0.3
9	2	0	0.070071	2BrLSD_1
3	2	0	0.057368	2BrLSD_1
15	0	0	0.103690	Saline
7	0	0	0.109217	Saline
20	2	0	0.050216	2BrLSD_1
14	2	0	0.033853	2BrLSD_1
16	1	0	0.089436	2BrLSD_0.3
21	0	0	0.110991	Saline
10	0	0	0.118192	Saline
1	0	1	0.072333	Saline
19	1	1	0.025630	2BrLSD_0.3
2	1	1	0.015189	2BrLSD_0.3
13	1	1	0.052848	2BrLSD_0.3
18	0	1	0.056486	Saline
17	2	1	0.003917	2BrLSD_1
5	1	1	0.044966	2BrLSD_0.3
12	0	1	0.088224	Saline
4	0	1	0.067750	Saline
22	1	1	0.051211	2BrLSD_0.3
8	1	1	0.038672	2BrLSD_0.3
6	2	1	0.030742	2BrLSD_1
23	2	1	0.020973	2BrLSD_1
11	1	1	0.035900	2BrLSD_0.3
9	2	1	0.033315	2BrLSD_1
3	2	1	0.024367	2BrLSD_1
15	0	1	0.081206	Saline
7	0	1	0.099086	Saline
20	2	1	0.015963	2BrLSD_1
14	2	1	0.019682	2BrLSD_1
16	1	1	0.042906	2BrLSD_0.3
21	0	1	0.062936	Saline
10	0	1	0.071958	Saline
1	0	2	0.024375	Saline
19	1	2	0.040795	2BrLSD_0.3
2	1	2	0.052374	2BrLSD_0.3
13	1	2	0.037837	2BrLSD_0.3
18	0	2	0.028841	Saline
17	2	2	0.037603	2BrLSD_1
5	1	2	0.056618	2BrLSD_0.3
12	0	2	0.020915	Saline
4	0	2	0.023462	Saline
22	1	2	0.046256	2BrLSD_0.3
8	1	2	0.061874	2BrLSD_0.3
6	2	2	0.060615	2BrLSD_1
23	2	2	0.071676	2BrLSD_1
11	1	2	0.051339	2BrLSD_0.3
9	2	2	0.029513	2BrLSD_1
3	2	2	0.042594	2BrLSD_1
15	0	2	0.022352	Saline
7	0	2	0.029404	Saline
20	2	2	0.094779	2BrLSD_1
14	2	2	0.045190	2BrLSD_1
16	1	2	0.039283	2BrLSD_0.3
21	0	2	0.038754	Saline
10	0	2	0.020742	Saline
1	0	3	0.033555	Saline
19	1	3	0.054037	2BrLSD_0.3
2	1	3	0.027584	2BrLSD_0.3
13	1	3	0.046062	2BrLSD_0.3
18	0	3	0.035221	Saline
17	2	3	0.007834	2BrLSD_1
5	1	3	0.062443	2BrLSD_0.3
12	0	3	0.027000	Saline
4	0	3	0.021380	Saline
22	1	3	0.028818	2BrLSD_0.3
8	1	3	0.038899	2BrLSD_0.3
6	2	3	0.049884	2BrLSD_1
23	2	3	0.042354	2BrLSD_1
11	1	3	0.023810	2BrLSD_0.3
9	2	3	0.047981	2BrLSD_1
3	2	3	0.042402	2BrLSD_1
15	0	3	0.033064	Saline
7	0	3	0.037188	Saline
20	2	3	0.020286	2BrLSD_1
14	2	3	0.020784	2BrLSD_1
16	1	3	0.045004	2BrLSD_0.3
21	0	3	0.042164	Saline
10	0	3	0.039282	Saline
1	0	4	0.015353	Saline
19	1	4	0.041649	2BrLSD_0.3
2	1	4	0.061802	2BrLSD_0.3
13	1	4	0.022003	2BrLSD_0.3
18	0	4	0.010898	Saline
17	2	4	0.056404	2BrLSD_1
5	1	4	0.031131	2BrLSD_0.3
12	0	4	0.011155	Saline
4	0	4	0.009857	Saline
22	1	4	0.026982	2BrLSD_0.3
8	1	4	0.027070	2BrLSD_0.3
6	2	4	0.033063	2BrLSD_1
23	2	4	0.148646	2BrLSD_1
11	1	4	0.069754	2BrLSD_0.3
9	2	4	0.041644	2BrLSD_1
3	2	4	0.038373	2BrLSD_1
15	0	4	0.019045	Saline
7	0	4	0.008401	Saline
20	2	4	0.086132	2BrLSD_1
14	2	4	0.058101	2BrLSD_1
16	1	4	0.058162	2BrLSD_0.3
21	0	4	0.014881	Saline
10	0	4	0.005330	Saline
1	0	5	0.005223	Saline
19	1	5	0.021572	2BrLSD_0.3
2	1	5	0.051327	2BrLSD_0.3
13	1	5	0.034135	2BrLSD_0.3
18	0	5	0.023392	Saline
17	2	5	0.042303	2BrLSD_1
5	1	5	0.024759	2BrLSD_0.3
12	0	5	0.006465	Saline
4	0	5	0.049146	Saline
22	1	5	0.022026	2BrLSD_0.3
8	1	5	0.060055	2BrLSD_0.3
6	2	5	0.022042	2BrLSD_1
23	2	5	0.013236	2BrLSD_1
11	1	5	0.026600	2BrLSD_0.3
9	2	5	0.053594	2BrLSD_1
3	2	5	0.039908	2BrLSD_1
15	0	5	0.018119	Saline
7	0	5	0.009884	Saline
20	2	5	0.016295	2BrLSD_1
14	2	5	0.103133	2BrLSD_1
16	1	5	0.014683	2BrLSD_0.3
21	0	5	0.010386	Saline
10	0	5	0.028621	Saline
1	0	6	0.035929	Saline
19	1	6	0.018582	2BrLSD_0.3
2	1	6	0.015538	2BrLSD_0.3
13	1	6	0.023442	2BrLSD_0.3
18	0	6	0.034024	Saline
17	2	6	0.005484	2BrLSD_1
5	1	6	0.042600	2BrLSD_0.3
12	0	6	0.038661	Saline
4	0	6	0.018742	Saline
22	1	6	0.028451	2BrLSD_0.3
8	1	6	0.027070	2BrLSD_0.3
6	2	6	0.027552	2BrLSD_1
23	2	6	0.021584	2BrLSD_1
11	1	6	0.017857	2BrLSD_0.3
9	2	6	0.018106	2BrLSD_1
3	2	6	0.018803	2BrLSD_1
15	0	6	0.029493	Saline
7	0	6	0.036694	Saline
20	2	6	0.013635	2BrLSD_1
14	2	6	0.011809	2BrLSD_1
16	1	6	0.028795	2BrLSD_0.3
21	0	6	0.057045	Saline
10	0	6	0.036732	Saline
1	0	7	0.021684	Saline
19	1	7	0.007262	2BrLSD_0.3
2	1	7	0.001571	2BrLSD_0.3
13	1	7	0.019535	2BrLSD_0.3
18	0	7	0.046385	Saline
17	2	7	0.002350	2BrLSD_1
5	1	7	0.020572	2BrLSD_0.3
12	0	7	0.052605	Saline
4	0	7	0.023324	Saline
22	1	7	0.033590	2BrLSD_0.3
8	1	7	0.022975	2BrLSD_0.3
6	2	7	0.012471	2BrLSD_1
23	2	7	0.005701	2BrLSD_1
11	1	7	0.010417	2BrLSD_0.3
9	2	7	0.016114	2BrLSD_1
3	2	7	0.009593	2BrLSD_1
15	0	7	0.040735	Saline
7	0	7	0.057697	Saline
20	2	7	0.003658	2BrLSD_1
14	2	7	0.004881	2BrLSD_1
16	1	7	0.023455	2BrLSD_0.3
21	0	7	0.039374	Saline
10	0	7	0.034299	Saline
1	0	8	0.013454	Saline
19	1	8	0.052969	2BrLSD_0.3
2	1	8	0.016934	2BrLSD_0.3
13	1	8	0.031668	2BrLSD_0.3
18	0	8	0.027379	Saline
17	2	8	0.009009	2BrLSD_1
5	1	8	0.029128	2BrLSD_0.3
12	0	8	0.008493	Saline
4	0	8	0.013744	Saline
22	1	8	0.030286	2BrLSD_0.3
8	1	8	0.033894	2BrLSD_0.3
6	2	8	0.027552	2BrLSD_1
23	2	8	0.033191	2BrLSD_1
11	1	8	0.033854	2BrLSD_0.3
9	2	8	0.022452	2BrLSD_1
3	2	8	0.039140	2BrLSD_1
15	0	8	0.028700	Saline
7	0	8	0.014455	Saline
20	2	8	0.020619	2BrLSD_1
14	2	8	0.029602	2BrLSD_1
16	1	8	0.028604	2BrLSD_0.3
21	0	8	0.027128	Saline
10	0	8	0.015180	Saline
1	0	9	0.009497	Saline
19	1	9	0.026912	2BrLSD_0.3
2	1	9	0.023219	2BrLSD_0.3
13	1	9	0.023031	2BrLSD_0.3
18	0	9	0.012626	Saline
17	2	9	0.020368	2BrLSD_1
5	1	9	0.020025	2BrLSD_0.3
12	0	9	0.029155	Saline
4	0	9	0.034430	Saline
22	1	9	0.025698	2BrLSD_0.3
8	1	9	0.033894	2BrLSD_0.3
6	2	9	0.019722	2BrLSD_1
23	2	9	0.040114	2BrLSD_1
11	1	9	0.040923	2BrLSD_0.3
9	2	9	0.017925	2BrLSD_1
3	2	9	0.014198	2BrLSD_1
15	0	9	0.018781	Saline
7	0	9	0.020756	Saline
20	2	9	0.041902	2BrLSD_1
14	2	9	0.030546	2BrLSD_1
16	1	9	0.032609	2BrLSD_0.3
21	0	9	0.018602	Saline
10	0	9	0.013210	Saline
1	0	10	0.042260	Saline
19	1	10	0.014951	2BrLSD_0.3
2	1	10	0.009078	2BrLSD_0.3
13	1	10	0.012955	2BrLSD_0.3
18	0	10	0.024189	Saline
17	2	10	0.001567	2BrLSD_1
5	1	10	0.016384	2BrLSD_0.3
12	0	10	0.055647	Saline
4	0	10	0.016243	Saline
22	1	10	0.016336	2BrLSD_0.3
8	1	10	0.008872	2BrLSD_0.3
6	2	10	0.017981	2BrLSD_1
23	2	10	0.014865	2BrLSD_1
11	1	10	0.009301	2BrLSD_0.3
9	2	10	0.020098	2BrLSD_1
3	2	10	0.007675	2BrLSD_1
15	0	10	0.038884	Saline
7	0	10	0.039535	Saline
20	2	10	0.006984	2BrLSD_1
14	2	10	0.006613	2BrLSD_1
16	1	10	0.022502	2BrLSD_0.3
21	0	10	0.036118	Saline
10	0	10	0.033720	Saline
1	0	11	0.022475	Saline
19	1	11	0.015378	2BrLSD_0.3
2	1	11	0.010475	2BrLSD_0.3
13	1	11	0.021386	2BrLSD_0.3
18	0	11	0.041999	Saline
17	2	11	0.005092	2BrLSD_1
5	1	11	0.029128	2BrLSD_0.3
12	0	11	0.024464	Saline
4	0	11	0.021380	Saline
22	1	11	0.024046	2BrLSD_0.3
8	1	11	0.020246	2BrLSD_0.3
6	2	11	0.028422	2BrLSD_1
23	2	11	0.009163	2BrLSD_1
11	1	11	0.013207	2BrLSD_0.3
9	2	11	0.014304	2BrLSD_1
3	2	11	0.012279	2BrLSD_1
15	0	11	0.026187	Saline
7	0	11	0.020262	Saline
20	2	11	0.011307	2BrLSD_1
14	2	11	0.004724	2BrLSD_1
16	1	11	0.015256	2BrLSD_0.3
21	0	11	0.029453	Saline
10	0	11	0.036153	Saline
1	0	12	0.015036	Saline
19	1	12	0.013242	2BrLSD_0.3
2	1	12	0.004714	2BrLSD_0.3
13	1	12	0.010282	2BrLSD_0.3
18	0	12	0.023525	Saline
17	2	12	0.008617	2BrLSD_1
5	1	12	0.011651	2BrLSD_0.3
12	0	12	0.050450	Saline
4	0	12	0.019159	Saline
22	1	12	0.017254	2BrLSD_0.3
8	1	12	0.019791	2BrLSD_0.3
6	2	12	0.015661	2BrLSD_1
23	2	12	0.006109	2BrLSD_1
11	1	12	0.014137	2BrLSD_0.3
9	2	12	0.009958	2BrLSD_1
3	2	12	0.005372	2BrLSD_1
15	0	12	0.040603	Saline
7	0	12	0.051396	Saline
20	2	12	0.014633	2BrLSD_1
14	2	12	0.005039	2BrLSD_1
16	1	12	0.016018	2BrLSD_0.3
21	0	12	0.030693	Saline
10	0	12	0.014021	Saline
1	0	13	0.024375	Saline
19	1	13	0.010893	2BrLSD_0.3
2	1	13	0.007332	2BrLSD_0.3
13	1	13	0.016451	2BrLSD_0.3
18	0	13	0.026183	Saline
17	2	13	0.002742	2BrLSD_1
5	1	13	0.013836	2BrLSD_0.3
12	0	13	0.024464	Saline
4	0	13	0.029016	Saline
22	1	13	0.020558	2BrLSD_0.3
8	1	13	0.013194	2BrLSD_0.3
6	2	13	0.007251	2BrLSD_1
23	2	13	0.005294	2BrLSD_1
11	1	13	0.013951	2BrLSD_0.3
9	2	13	0.018830	2BrLSD_1
3	2	13	0.009593	2BrLSD_1
15	0	13	0.025393	Saline
7	0	13	0.033976	Saline
20	2	13	0.010309	2BrLSD_1
14	2	13	0.012911	2BrLSD_1
16	1	13	0.017544	2BrLSD_0.3
21	0	13	0.021237	Saline
10	0	13	0.023870	Saline
1	0	14	0.005381	Saline
19	1	14	0.018368	2BrLSD_0.3
2	1	14	0.005063	2BrLSD_0.3
13	1	14	0.014600	2BrLSD_0.3
18	0	14	0.030569	Saline
17	2	14	0.009009	2BrLSD_1
5	1	14	0.013290	2BrLSD_0.3
12	0	14	0.027760	Saline
4	0	14	0.046092	Saline
22	1	14	0.016887	2BrLSD_0.3
8	1	14	0.013876	2BrLSD_0.3
6	2	14	0.009281	2BrLSD_1
23	2	14	0.008145	2BrLSD_1
11	1	14	0.026786	2BrLSD_0.3
9	2	14	0.005975	2BrLSD_1
3	2	14	0.006140	2BrLSD_1
15	0	14	0.021426	Saline
7	0	14	0.026934	Saline
20	2	14	0.016628	2BrLSD_1
14	2	14	0.005668	2BrLSD_1
16	1	14	0.011251	2BrLSD_0.3
21	0	14	0.018137	Saline
10	0	14	0.018772	Saline
1	0	15	0.006173	Saline
19	1	15	0.012815	2BrLSD_0.3
2	1	15	0.014141	2BrLSD_0.3
13	1	15	0.037631	2BrLSD_0.3
18	0	15	0.025385	Saline
17	2	15	0.025069	2BrLSD_1
5	1	15	0.023302	2BrLSD_0.3
12	0	15	0.009380	Saline
4	0	15	0.072331	Saline
22	1	15	0.010463	2BrLSD_0.3
8	1	15	0.007962	2BrLSD_0.3
6	2	15	0.015951	2BrLSD_1
23	2	15	0.004683	2BrLSD_1
11	1	15	0.020275	2BrLSD_0.3
9	2	15	0.011226	2BrLSD_1
3	2	15	0.019378	2BrLSD_1
15	0	15	0.016664	Saline
7	0	15	0.007660	Saline
20	2	15	0.014965	2BrLSD_1
14	2	15	0.012596	2BrLSD_1
16	1	15	0.009916	2BrLSD_0.3
21	0	15	0.011471	Saline
10	0	15	0.010545	Saline
1	0	16	0.012662	Saline
19	1	16	0.013669	2BrLSD_0.3
2	1	16	0.001920	2BrLSD_0.3
13	1	16	0.009048	2BrLSD_0.3
18	0	16	0.025120	Saline
17	2	16	0.001567	2BrLSD_1
5	1	16	0.018387	2BrLSD_0.3
12	0	16	0.035999	Saline
4	0	16	0.051784	Saline
22	1	16	0.010279	2BrLSD_0.3
8	1	16	0.002502	2BrLSD_0.3
6	2	16	0.013921	2BrLSD_1
23	2	16	0.012828	2BrLSD_1
11	1	16	0.012463	2BrLSD_0.3
9	2	16	0.005432	2BrLSD_1
3	2	16	0.006523	2BrLSD_1
15	0	16	0.023013	Saline
7	0	16	0.015567	Saline
20	2	16	0.006984	2BrLSD_1
14	2	16	0.006298	2BrLSD_1
16	1	16	0.018307	2BrLSD_0.3
21	0	16	0.026973	Saline
10	0	16	0.015875	Saline
1	0	17	0.059829	Saline
19	1	17	0.008543	2BrLSD_0.3
2	1	17	0.000873	2BrLSD_0.3
13	1	17	0.014600	2BrLSD_0.3
18	0	17	0.018873	Saline
17	2	17	0.001175	2BrLSD_1
5	1	17	0.014928	2BrLSD_0.3
12	0	17	0.022183	Saline
4	0	17	0.037623	Saline
22	1	17	0.010463	2BrLSD_0.3
8	1	17	0.000227	2BrLSD_0.3
6	2	17	0.008991	2BrLSD_1
23	2	17	0.005498	2BrLSD_1
11	1	17	0.002418	2BrLSD_0.3
9	2	17	0.011769	2BrLSD_1
3	2	17	0.007866	2BrLSD_1
15	0	17	0.017458	Saline
7	0	17	0.012849	Saline
20	2	17	0.000333	2BrLSD_1
14	2	17	0.000630	2BrLSD_1
16	1	17	0.013158	2BrLSD_0.3
21	0	17	0.022942	Saline
10	0	17	0.026883	Saline
1	0	18	0.016619	Saline
19	1	18	0.011320	2BrLSD_0.3
2	1	18	0.007332	2BrLSD_0.3
13	1	18	0.011516	2BrLSD_0.3
18	0	18	0.020601	Saline
17	2	18	0.006267	2BrLSD_1
5	1	18	0.014382	2BrLSD_0.3
12	0	18	0.026366	Saline
4	0	18	0.010690	Saline
22	1	18	0.017988	2BrLSD_0.3
8	1	18	0.024113	2BrLSD_0.3
6	2	18	0.012761	2BrLSD_1
23	2	18	0.009570	2BrLSD_1
11	1	18	0.023624	2BrLSD_0.3
9	2	18	0.012493	2BrLSD_1
3	2	18	0.007675	2BrLSD_1
15	0	18	0.021029	Saline
7	0	18	0.019274	Saline
20	2	18	0.016295	2BrLSD_1
14	2	18	0.010550	2BrLSD_1
16	1	18	0.017162	2BrLSD_0.3
21	0	18	0.015812	Saline
10	0	18	0.016918	Saline
1	0	19	0.008230	Saline
19	1	19	0.013669	2BrLSD_0.3
2	1	19	0.033869	2BrLSD_0.3
13	1	19	0.017890	2BrLSD_0.3
18	0	19	0.002924	Saline
17	2	19	0.019585	2BrLSD_1
5	1	19	0.017113	2BrLSD_0.3
12	0	19	0.003296	Saline
4	0	19	0.002777	Saline
22	1	19	0.013767	2BrLSD_0.3
8	1	19	0.013194	2BrLSD_0.3
6	2	19	0.018271	2BrLSD_1
23	2	19	0.070454	2BrLSD_1
11	1	19	0.023624	2BrLSD_0.3
9	2	19	0.025167	2BrLSD_1
3	2	19	0.027820	2BrLSD_1
15	0	19	0.008464	Saline
7	0	19	0.003459	Saline
20	2	19	0.020286	2BrLSD_1
14	2	19	0.027397	2BrLSD_1
16	1	19	0.022121	2BrLSD_0.3
21	0	19	0.004340	Saline
10	0	19	0.003360	Saline
1	0	20	0.012979	Saline
19	1	20	0.002563	2BrLSD_0.3
2	1	20	0.002619	2BrLSD_0.3
13	1	20	0.006992	2BrLSD_0.3
18	0	20	0.015417	Saline
17	2	20	0.000783	2BrLSD_1
5	1	20	0.006008	2BrLSD_0.3
12	0	20	0.043098	Saline
4	0	20	0.031376	Saline
22	1	20	0.008443	2BrLSD_0.3
8	1	20	0.009327	2BrLSD_0.3
6	2	20	0.005220	2BrLSD_1
23	2	20	0.006109	2BrLSD_1
11	1	20	0.016369	2BrLSD_0.3
9	2	20	0.002354	2BrLSD_1
3	2	20	0.001727	2BrLSD_1
15	0	20	0.033064	Saline
7	0	20	0.033852	Saline
20	2	20	0.006984	2BrLSD_1
14	2	20	0.003464	2BrLSD_1
16	1	20	0.010297	2BrLSD_0.3
21	0	20	0.019842	Saline
10	0	20	0.014021	Saline
1	0	21	0.001108	Saline
19	1	21	0.025416	2BrLSD_0.3
2	1	21	0.016061	2BrLSD_0.3
13	1	21	0.016039	2BrLSD_0.3
18	0	21	0.001329	Saline
17	2	21	0.047395	2BrLSD_1
5	1	21	0.005826	2BrLSD_0.3
12	0	21	0.001394	Saline
4	0	21	0.002777	Saline
22	1	21	0.021109	2BrLSD_0.3
8	1	21	0.021838	2BrLSD_0.3
6	2	21	0.017111	2BrLSD_1
23	2	21	0.047852	2BrLSD_1
11	1	21	0.055618	2BrLSD_0.3
9	2	21	0.008691	2BrLSD_1
3	2	21	0.015157	2BrLSD_1
15	0	21	0.004232	Saline
7	0	21	0.001977	Saline
20	2	21	0.077486	2BrLSD_1
14	2	21	0.024878	2BrLSD_1
16	1	21	0.015828	2BrLSD_0.3
21	0	21	0.002325	Saline
10	0	21	0.001390	Saline
1	0	22	0.006489	Saline
19	1	22	0.010679	2BrLSD_0.3
2	1	22	0.019902	2BrLSD_0.3
13	1	22	0.014600	2BrLSD_0.3
18	0	22	0.006380	Saline
17	2	22	0.019585	2BrLSD_1
5	1	22	0.018205	2BrLSD_0.3
12	0	22	0.003930	Saline
4	0	22	0.004720	Saline
22	1	22	0.031938	2BrLSD_0.3
8	1	22	0.021383	2BrLSD_0.3
6	2	22	0.019722	2BrLSD_1
23	2	22	0.016494	2BrLSD_1
11	1	22	0.024182	2BrLSD_0.3
9	2	22	0.011045	2BrLSD_1
3	2	22	0.029355	2BrLSD_1
15	0	22	0.005290	Saline
7	0	22	0.015444	Saline
20	2	22	0.039574	2BrLSD_1
14	2	22	0.021571	2BrLSD_1
16	1	22	0.012777	2BrLSD_0.3
21	0	22	0.007131	Saline
10	0	22	0.012051	Saline
1	0	23	0.028332	Saline
19	1	23	0.010466	2BrLSD_0.3
2	1	23	0.004888	2BrLSD_0.3
13	1	23	0.008637	2BrLSD_0.3
18	0	23	0.019006	Saline
17	2	23	0.001958	2BrLSD_1
5	1	23	0.005279	2BrLSD_0.3
12	0	23	0.015591	Saline
4	0	23	0.023046	Saline
22	1	23	0.013216	2BrLSD_0.3
8	1	23	0.013194	2BrLSD_0.3
6	2	23	0.007831	2BrLSD_1
23	2	23	0.006516	2BrLSD_1
11	1	23	0.012835	2BrLSD_0.3
9	2	23	0.011588	2BrLSD_1
3	2	23	0.004413	2BrLSD_1
15	0	23	0.027510	Saline
7	0	23	0.027675	Saline
20	2	23	0.018291	2BrLSD_1
14	2	23	0.007085	2BrLSD_1
16	1	23	0.015065	2BrLSD_0.3
21	0	23	0.012401	Saline
10	0	23	0.013673	Saline
1	0	24	0.045742	Saline
19	1	24	0.054464	2BrLSD_0.3
2	1	24	0.012570	2BrLSD_0.3
13	1	24	0.008637	2BrLSD_0.3
18	0	24	0.011696	Saline
17	2	24	0.003525	2BrLSD_1
5	1	24	0.008010	2BrLSD_0.3
12	0	24	0.002789	Saline
4	0	24	0.007636	Saline
22	1	24	0.017988	2BrLSD_0.3
8	1	24	0.015014	2BrLSD_0.3
6	2	24	0.023782	2BrLSD_1
23	2	24	0.012421	2BrLSD_1
11	1	24	0.002604	2BrLSD_0.3
9	2	24	0.030418	2BrLSD_1
3	2	24	0.019954	2BrLSD_1
15	0	24	0.003174	Saline
7	0	24	0.005313	Saline
20	2	24	0.004323	2BrLSD_1
14	2	24	0.011337	2BrLSD_1
16	1	24	0.032227	2BrLSD_0.3
21	0	24	0.004185	Saline
10	0	24	0.005678	Saline
1	0	25	0.013770	Saline
19	1	25	0.017727	2BrLSD_0.3
2	1	25	0.005587	2BrLSD_0.3
13	1	25	0.014600	2BrLSD_0.3
18	0	25	0.019272	Saline
17	2	25	0.005484	2BrLSD_1
5	1	25	0.023849	2BrLSD_0.3
12	0	25	0.009887	Saline
4	0	25	0.012078	Saline
22	1	25	0.019640	2BrLSD_0.3
8	1	25	0.008417	2BrLSD_0.3
6	2	25	0.024652	2BrLSD_1
23	2	25	0.020362	2BrLSD_1
11	1	25	0.008557	2BrLSD_0.3
9	2	25	0.018649	2BrLSD_1
3	2	25	0.017652	2BrLSD_1
15	0	25	0.011374	Saline
7	0	25	0.008895	Saline
20	2	25	0.028932	2BrLSD_1
14	2	25	0.005039	2BrLSD_1
16	1	25	0.012777	2BrLSD_0.3
21	0	25	0.009921	Saline
10	0	25	0.018192	Saline
1	0	26	0.000950	Saline
19	1	26	0.010466	2BrLSD_0.3
2	1	26	0.019204	2BrLSD_0.3
13	1	26	0.012544	2BrLSD_0.3
18	0	26	0.003456	Saline
17	2	26	0.035644	2BrLSD_1
5	1	26	0.004551	2BrLSD_0.3
12	0	26	0.001521	Saline
4	0	26	0.006942	Saline
22	1	26	0.017621	2BrLSD_0.3
8	1	26	0.045723	2BrLSD_0.3
6	2	26	0.013921	2BrLSD_1
23	2	26	0.021788	2BrLSD_1
11	1	26	0.055432	2BrLSD_0.3
9	2	26	0.007786	2BrLSD_1
3	2	26	0.013431	2BrLSD_1
15	0	26	0.001984	Saline
7	0	26	0.002100	Saline
20	2	26	0.087463	2BrLSD_1
14	2	26	0.020942	2BrLSD_1
16	1	26	0.015065	2BrLSD_0.3
21	0	26	0.007286	Saline
10	0	26	0.000695	Saline
1	0	27	0.003324	Saline
19	1	27	0.009184	2BrLSD_0.3
2	1	27	0.046089	2BrLSD_0.3
13	1	27	0.009254	2BrLSD_0.3
18	0	27	0.003323	Saline
17	2	27	0.014884	2BrLSD_1
5	1	27	0.011287	2BrLSD_0.3
12	0	27	0.004310	Saline
4	0	27	0.004859	Saline
22	1	27	0.005140	2BrLSD_0.3
8	1	27	0.015696	2BrLSD_0.3
6	2	27	0.008121	2BrLSD_1
23	2	27	0.063124	2BrLSD_1
11	1	27	0.018787	2BrLSD_0.3
9	2	27	0.027521	2BrLSD_1
3	2	27	0.006140	2BrLSD_1
15	0	27	0.009523	Saline
7	0	27	0.005683	Saline
20	2	27	0.012305	2BrLSD_1
14	2	27	0.025665	2BrLSD_1
16	1	27	0.027651	2BrLSD_0.3
21	0	27	0.003255	Saline
10	0	27	0.003708	Saline
1	0	28	0.047800	Saline
19	1	28	0.015378	2BrLSD_0.3
2	1	28	0.003666	2BrLSD_0.3
13	1	28	0.013983	2BrLSD_0.3
18	0	28	0.018607	Saline
17	2	28	0.002350	2BrLSD_1
5	1	28	0.012015	2BrLSD_0.3
12	0	28	0.005958	Saline
4	0	28	0.009579	Saline
22	1	28	0.007893	2BrLSD_0.3
8	1	28	0.004550	2BrLSD_0.3
6	2	28	0.024072	2BrLSD_1
23	2	28	0.006516	2BrLSD_1
11	1	28	0.004092	2BrLSD_0.3
9	2	28	0.036755	2BrLSD_1
3	2	28	0.021105	2BrLSD_1
15	0	28	0.006216	Saline
7	0	28	0.008648	Saline
20	2	28	0.001330	2BrLSD_1
14	2	28	0.003621	2BrLSD_1
16	1	28	0.025934	2BrLSD_0.3
21	0	28	0.010851	Saline
10	0	28	0.012630	Saline
1	0	29	0.036246	Saline
19	1	29	0.015378	2BrLSD_0.3
2	1	29	0.004714	2BrLSD_0.3
13	1	29	0.009459	2BrLSD_0.3
18	0	29	0.015816	Saline
17	2	29	0.000392	2BrLSD_1
5	1	29	0.019661	2BrLSD_0.3
12	0	29	0.014070	Saline
4	0	29	0.011384	Saline
22	1	29	0.005690	2BrLSD_0.3
8	1	29	0.005460	2BrLSD_0.3
6	2	29	0.007541	2BrLSD_1
23	2	29	0.006720	2BrLSD_1
11	1	29	0.005208	2BrLSD_0.3
9	2	29	0.011588	2BrLSD_1
3	2	29	0.006907	2BrLSD_1
15	0	29	0.014284	Saline
7	0	29	0.013220	Saline
20	2	29	0.000333	2BrLSD_1
14	2	29	0.003149	2BrLSD_1
16	1	29	0.015637	2BrLSD_0.3
21	0	29	0.016432	Saline
10	0	29	0.017034	Saline
1	0	30	0.013295	Saline
19	1	30	0.019223	2BrLSD_0.3
2	1	30	0.005761	2BrLSD_0.3
13	1	30	0.022209	2BrLSD_0.3
18	0	30	0.009968	Saline
17	2	30	0.001958	2BrLSD_1
5	1	30	0.015838	2BrLSD_0.3
12	0	30	0.009507	Saline
4	0	30	0.014994	Saline
22	1	30	0.010463	2BrLSD_0.3
8	1	30	0.008417	2BrLSD_0.3
6	2	30	0.013631	2BrLSD_1
23	2	30	0.004683	2BrLSD_1
11	1	30	0.006138	2BrLSD_0.3
9	2	30	0.011588	2BrLSD_1
3	2	30	0.008442	2BrLSD_1
15	0	30	0.019706	Saline
7	0	30	0.006425	Saline
20	2	30	0.003326	2BrLSD_1
14	2	30	0.001732	2BrLSD_1
16	1	30	0.014683	2BrLSD_0.3
21	0	30	0.023717	Saline
10	0	30	0.008227	Saline
1	0	31	0.022159	Saline
19	1	31	0.001922	2BrLSD_0.3
2	1	31	0.002270	2BrLSD_0.3
13	1	31	0.009048	2BrLSD_0.3
18	0	31	0.005449	Saline
17	2	31	0.000000	2BrLSD_1
5	1	31	0.006918	2BrLSD_0.3
12	0	31	0.035492	Saline
4	0	31	0.030959	Saline
22	1	31	0.005140	2BrLSD_0.3
8	1	31	0.004550	2BrLSD_0.3
6	2	31	0.007541	2BrLSD_1
23	2	31	0.003054	2BrLSD_1
11	1	31	0.004278	2BrLSD_0.3
9	2	31	0.003802	2BrLSD_1
3	2	31	0.004029	2BrLSD_1
15	0	31	0.014813	Saline
7	0	31	0.026810	Saline
20	2	31	0.002660	2BrLSD_1
14	2	31	0.002204	2BrLSD_1
16	1	31	0.005721	2BrLSD_0.3
21	0	31	0.015967	Saline
10	0	31	0.007068	Saline
1	0	32	0.010605	Saline
19	1	32	0.007689	2BrLSD_0.3
2	1	32	0.003492	2BrLSD_0.3
13	1	32	0.008842	2BrLSD_0.3
18	0	32	0.024322	Saline
17	2	32	0.001958	2BrLSD_1
5	1	32	0.010923	2BrLSD_0.3
12	0	32	0.020281	Saline
4	0	32	0.004165	Saline
22	1	32	0.011197	2BrLSD_0.3
8	1	32	0.005232	2BrLSD_0.3
6	2	32	0.004930	2BrLSD_1
23	2	32	0.005498	2BrLSD_1
11	1	32	0.005952	2BrLSD_0.3
9	2	32	0.007061	2BrLSD_1
3	2	32	0.007291	2BrLSD_1
15	0	32	0.015077	Saline
7	0	32	0.013343	Saline
20	2	32	0.008979	2BrLSD_1
14	2	32	0.011337	2BrLSD_1
16	1	32	0.010107	2BrLSD_0.3
21	0	32	0.011161	Saline
10	0	32	0.016686	Saline
1	0	33	0.001583	Saline
19	1	33	0.006408	2BrLSD_0.3
2	1	33	0.036313	2BrLSD_0.3
13	1	33	0.015011	2BrLSD_0.3
18	0	33	0.009968	Saline
17	2	33	0.008617	2BrLSD_1
5	1	33	0.010195	2BrLSD_0.3
12	0	33	0.002155	Saline
4	0	33	0.005276	Saline
22	1	33	0.015235	2BrLSD_0.3
8	1	33	0.017061	2BrLSD_0.3
6	2	33	0.010151	2BrLSD_1
23	2	33	0.007330	2BrLSD_1
11	1	33	0.007813	2BrLSD_0.3
9	2	33	0.008148	2BrLSD_1
3	2	33	0.031082	2BrLSD_1
15	0	33	0.009919	Saline
7	0	33	0.002965	Saline
20	2	33	0.003326	2BrLSD_1
14	2	33	0.008188	2BrLSD_1
16	1	33	0.007246	2BrLSD_0.3
21	0	33	0.009766	Saline
10	0	33	0.013557	Saline
1	0	34	0.020734	Saline
19	1	34	0.003845	2BrLSD_0.3
2	1	34	0.001222	2BrLSD_0.3
13	1	34	0.002879	2BrLSD_0.3
18	0	34	0.012228	Saline
17	2	34	0.001175	2BrLSD_1
5	1	34	0.011833	2BrLSD_0.3
12	0	34	0.016859	Saline
4	0	34	0.010690	Saline
22	1	34	0.006057	2BrLSD_0.3
8	1	34	0.001137	2BrLSD_0.3
6	2	34	0.006961	2BrLSD_1
23	2	34	0.029322	2BrLSD_1
11	1	34	0.006696	2BrLSD_0.3
9	2	34	0.007605	2BrLSD_1
3	2	34	0.005564	2BrLSD_1
15	0	34	0.012035	Saline
7	0	34	0.005313	Saline
20	2	34	0.008314	2BrLSD_1
14	2	34	0.005353	2BrLSD_1
16	1	34	0.019641	2BrLSD_0.3
21	0	34	0.023407	Saline
10	0	34	0.005330	Saline
1	0	35	0.011238	Saline
19	1	35	0.013669	2BrLSD_0.3
2	1	35	0.005587	2BrLSD_0.3
13	1	35	0.003496	2BrLSD_0.3
18	0	35	0.009702	Saline
17	2	35	0.001958	2BrLSD_1
5	1	35	0.003095	2BrLSD_0.3
12	0	35	0.005451	Saline
4	0	35	0.015827	Saline
22	1	35	0.008260	2BrLSD_0.3
8	1	35	0.005005	2BrLSD_0.3
6	2	35	0.015951	2BrLSD_1
23	2	35	0.000611	2BrLSD_1
11	1	35	0.004464	2BrLSD_0.3
9	2	35	0.025167	2BrLSD_1
3	2	35	0.008634	2BrLSD_1
15	0	35	0.006613	Saline
7	0	35	0.009884	Saline
20	2	35	0.002993	2BrLSD_1
14	2	35	0.026925	2BrLSD_1
16	1	35	0.008009	2BrLSD_0.3
21	0	35	0.001705	Saline
10	0	35	0.015180	Saline
1	0	36	0.007281	Saline
19	1	36	0.011106	2BrLSD_0.3
2	1	36	0.004365	2BrLSD_0.3
13	1	36	0.015217	2BrLSD_0.3
18	0	36	0.013291	Saline
17	2	36	0.003917	2BrLSD_1
5	1	36	0.015474	2BrLSD_0.3
12	0	36	0.004690	Saline
4	0	36	0.007080	Saline
22	1	36	0.011197	2BrLSD_0.3
8	1	36	0.006142	2BrLSD_0.3
6	2	36	0.014211	2BrLSD_1
23	2	36	0.008349	2BrLSD_1
11	1	36	0.007440	2BrLSD_0.3
9	2	36	0.008872	2BrLSD_1
3	2	36	0.007866	2BrLSD_1
15	0	36	0.015210	Saline
7	0	36	0.004942	Saline
20	2	36	0.001330	2BrLSD_1
14	2	36	0.005983	2BrLSD_1
16	1	36	0.018688	2BrLSD_0.3
21	0	36	0.014726	Saline
10	0	36	0.009270	Saline
1	0	37	0.024058	Saline
19	1	37	0.007048	2BrLSD_0.3
2	1	37	0.001222	2BrLSD_0.3
13	1	37	0.010076	2BrLSD_0.3
18	0	37	0.010633	Saline
17	2	37	0.001958	2BrLSD_1
5	1	37	0.005826	2BrLSD_0.3
12	0	37	0.013690	Saline
4	0	37	0.004998	Saline
22	1	37	0.006057	2BrLSD_0.3
8	1	37	0.008189	2BrLSD_0.3
6	2	37	0.009861	2BrLSD_1
23	2	37	0.008756	2BrLSD_1
11	1	37	0.002604	2BrLSD_0.3
9	2	37	0.018830	2BrLSD_1
3	2	37	0.004797	2BrLSD_1
15	0	37	0.013094	Saline
7	0	37	0.008154	Saline
20	2	37	0.004323	2BrLSD_1
14	2	37	0.001889	2BrLSD_1
16	1	37	0.014111	2BrLSD_0.3
21	0	37	0.013331	Saline
10	0	37	0.013441	Saline
1	0	38	0.032447	Saline
19	1	38	0.007689	2BrLSD_0.3
2	1	38	0.001047	2BrLSD_0.3
13	1	38	0.008637	2BrLSD_0.3
18	0	38	0.010234	Saline
17	2	38	0.001175	2BrLSD_1
5	1	38	0.012015	2BrLSD_0.3
12	0	38	0.003930	Saline
4	0	38	0.017493	Saline
22	1	38	0.007709	2BrLSD_0.3
8	1	38	0.001137	2BrLSD_0.3
6	2	38	0.009281	2BrLSD_1
23	2	38	0.002240	2BrLSD_1
11	1	38	0.001116	2BrLSD_0.3
9	2	38	0.014485	2BrLSD_1
3	2	38	0.008826	2BrLSD_1
15	0	38	0.008332	Saline
7	0	38	0.007413	Saline
20	2	38	0.000998	2BrLSD_1
14	2	38	0.001575	2BrLSD_1
16	1	38	0.010679	2BrLSD_0.3
21	0	38	0.012866	Saline
10	0	38	0.018656	Saline
1	0	39	0.000158	Saline
19	1	39	0.003417	2BrLSD_0.3
2	1	39	0.007682	2BrLSD_0.3
13	1	39	0.019535	2BrLSD_0.3
18	0	39	0.003190	Saline
17	2	39	0.036036	2BrLSD_1
5	1	39	0.009831	2BrLSD_0.3
12	0	39	0.000761	Saline
4	0	39	0.000000	Saline
22	1	39	0.020742	2BrLSD_0.3
8	1	39	0.003185	2BrLSD_0.3
6	2	39	0.009861	2BrLSD_1
23	2	39	0.006720	2BrLSD_1
11	1	39	0.014323	2BrLSD_0.3
9	2	39	0.001630	2BrLSD_1
3	2	39	0.030698	2BrLSD_1
15	0	39	0.004365	Saline
7	0	39	0.002347	Saline
20	2	39	0.026272	2BrLSD_1
14	2	39	0.043300	2BrLSD_1
16	1	39	0.001526	2BrLSD_0.3
21	0	39	0.001550	Saline
10	0	39	0.003592	Saline
1	0	40	0.000158	Saline
19	1	40	0.003631	2BrLSD_0.3
2	1	40	0.028806	2BrLSD_0.3
13	1	40	0.001028	2BrLSD_0.3
18	0	40	0.001063	Saline
17	2	40	0.009792	2BrLSD_1
5	1	40	0.000910	2BrLSD_0.3
12	0	40	0.000380	Saline
4	0	40	0.001944	Saline
22	1	40	0.007342	2BrLSD_0.3
8	1	40	0.040491	2BrLSD_0.3
6	2	40	0.003770	2BrLSD_1
23	2	40	0.005091	2BrLSD_1
11	1	40	0.001860	2BrLSD_0.3
9	2	40	0.020822	2BrLSD_1
3	2	40	0.005564	2BrLSD_1
15	0	40	0.002910	Saline
7	0	40	0.002347	Saline
20	2	40	0.000333	2BrLSD_1
14	2	40	0.061723	2BrLSD_1
16	1	40	0.001144	2BrLSD_0.3
21	0	40	0.000155	Saline
10	0	40	0.012514	Saline
1	0	41	0.008705	Saline
19	1	41	0.031183	2BrLSD_0.3
2	1	41	0.004190	2BrLSD_0.3
13	1	41	0.018507	2BrLSD_0.3
18	0	41	0.011164	Saline
17	2	41	0.005092	2BrLSD_1
5	1	41	0.011651	2BrLSD_0.3
12	0	41	0.003803	Saline
4	0	41	0.015410	Saline
22	1	41	0.004038	2BrLSD_0.3
8	1	41	0.007962	2BrLSD_0.3
6	2	41	0.013051	2BrLSD_1
23	2	41	0.007534	2BrLSD_1
11	1	41	0.005766	2BrLSD_0.3
9	2	41	0.009596	2BrLSD_1
3	2	41	0.009018	2BrLSD_1
15	0	41	0.007539	Saline
7	0	41	0.003954	Saline
20	2	41	0.003326	2BrLSD_1
14	2	41	0.003621	2BrLSD_1
16	1	41	0.008772	2BrLSD_0.3
21	0	41	0.013641	Saline
10	0	41	0.006605	Saline
1	0	42	0.007914	Saline
19	1	42	0.002990	2BrLSD_0.3
2	1	42	0.000698	2BrLSD_0.3
13	1	42	0.004935	2BrLSD_0.3
18	0	42	0.035619	Saline
17	2	42	0.001175	2BrLSD_1
5	1	42	0.003277	2BrLSD_0.3
12	0	42	0.015718	Saline
4	0	42	0.004443	Saline
22	1	42	0.005874	2BrLSD_0.3
8	1	42	0.007507	2BrLSD_0.3
6	2	42	0.006671	2BrLSD_1
23	2	42	0.001833	2BrLSD_1
11	1	42	0.005208	2BrLSD_0.3
9	2	42	0.010320	2BrLSD_1
3	2	42	0.006715	2BrLSD_1
15	0	42	0.009919	Saline
7	0	42	0.015567	Saline
20	2	42	0.003658	2BrLSD_1
14	2	42	0.000787	2BrLSD_1
16	1	42	0.007628	2BrLSD_0.3
21	0	42	0.009301	Saline
10	0	42	0.011935	Saline
1	0	43	0.001583	Saline
19	1	43	0.001709	2BrLSD_0.3
2	1	43	0.004539	2BrLSD_0.3
13	1	43	0.010899	2BrLSD_0.3
18	0	43	0.014088	Saline
17	2	43	0.000392	2BrLSD_1
5	1	43	0.010195	2BrLSD_0.3
12	0	43	0.016986	Saline
4	0	43	0.005970	Saline
22	1	43	0.007893	2BrLSD_0.3
8	1	43	0.002047	2BrLSD_0.3
6	2	43	0.006671	2BrLSD_1
23	2	43	0.001833	2BrLSD_1
11	1	43	0.004092	2BrLSD_0.3
9	2	43	0.001448	2BrLSD_1
3	2	43	0.004988	2BrLSD_1
15	0	43	0.011903	Saline
7	0	43	0.020633	Saline
20	2	43	0.009312	2BrLSD_1
14	2	43	0.004566	2BrLSD_1
16	1	43	0.000572	2BrLSD_0.3
21	0	43	0.008836	Saline
10	0	43	0.014137	Saline
1	0	44	0.000000	Saline
19	1	44	0.001282	2BrLSD_0.3
2	1	44	0.031948	2BrLSD_0.3
13	1	44	0.009665	2BrLSD_0.3
18	0	44	0.000797	Saline
17	2	44	0.070505	2BrLSD_1
5	1	44	0.005826	2BrLSD_0.3
12	0	44	0.000380	Saline
4	0	44	0.000139	Saline
22	1	44	0.010646	2BrLSD_0.3
8	1	44	0.003640	2BrLSD_0.3
6	2	44	0.004350	2BrLSD_1
23	2	44	0.001629	2BrLSD_1
11	1	44	0.010231	2BrLSD_0.3
9	2	44	0.001267	2BrLSD_1
3	2	44	0.043361	2BrLSD_1
15	0	44	0.002513	Saline
7	0	44	0.002347	Saline
20	2	44	0.006319	2BrLSD_1
14	2	44	0.014014	2BrLSD_1
16	1	44	0.000572	2BrLSD_0.3
21	0	44	0.000775	Saline
10	0	44	0.008691	Saline
1	0	45	0.004432	Saline
19	1	45	0.006621	2BrLSD_0.3
2	1	45	0.004365	2BrLSD_0.3
13	1	45	0.012338	2BrLSD_0.3
18	0	45	0.007443	Saline
17	2	45	0.000783	2BrLSD_1
5	1	45	0.007828	2BrLSD_0.3
12	0	45	0.007859	Saline
4	0	45	0.008746	Saline
22	1	45	0.006608	2BrLSD_0.3
8	1	45	0.005914	2BrLSD_0.3
6	2	45	0.005510	2BrLSD_1
23	2	45	0.002036	2BrLSD_1
11	1	45	0.003906	2BrLSD_0.3
9	2	45	0.016114	2BrLSD_1
3	2	45	0.014582	2BrLSD_1
15	0	45	0.008332	Saline
7	0	45	0.008895	Saline
20	2	45	0.002328	2BrLSD_1
14	2	45	0.007243	2BrLSD_1
16	1	45	0.005149	2BrLSD_0.3
21	0	45	0.004650	Saline
10	0	45	0.015875	Saline
1	0	46	0.030231	Saline
19	1	46	0.001922	2BrLSD_0.3
2	1	46	0.001222	2BrLSD_0.3
13	1	46	0.012955	2BrLSD_0.3
18	0	46	0.000665	Saline
17	2	46	0.001567	2BrLSD_1
5	1	46	0.002731	2BrLSD_0.3
12	0	46	0.001394	Saline
4	0	46	0.001944	Saline
22	1	46	0.003488	2BrLSD_0.3
8	1	46	0.011601	2BrLSD_0.3
6	2	46	0.028712	2BrLSD_1
23	2	46	0.006923	2BrLSD_1
11	1	46	0.000000	2BrLSD_0.3
9	2	46	0.034945	2BrLSD_1
3	2	46	0.004413	2BrLSD_1
15	0	46	0.004629	Saline
7	0	46	0.000618	Saline
20	2	46	0.010309	2BrLSD_1
14	2	46	0.000157	2BrLSD_1
16	1	46	0.020023	2BrLSD_0.3
21	0	46	0.014726	Saline
10	0	46	0.001159	Saline
1	0	47	0.000000	Saline
19	1	47	0.001922	2BrLSD_0.3
2	1	47	0.054120	2BrLSD_0.3
13	1	47	0.008637	2BrLSD_0.3
18	0	47	0.000930	Saline
17	2	47	0.036428	2BrLSD_1
5	1	47	0.002731	2BrLSD_0.3
12	0	47	0.000254	Saline
4	0	47	0.000694	Saline
22	1	47	0.014501	2BrLSD_0.3
8	1	47	0.021156	2BrLSD_0.3
6	2	47	0.001740	2BrLSD_1
23	2	47	0.003462	2BrLSD_1
11	1	47	0.012835	2BrLSD_0.3
9	2	47	0.001630	2BrLSD_1
3	2	47	0.024559	2BrLSD_1
15	0	47	0.000397	Saline
7	0	47	0.000741	Saline
20	2	47	0.002328	2BrLSD_1
14	2	47	0.007085	2BrLSD_1
16	1	47	0.000763	2BrLSD_0.3
21	0	47	0.000620	Saline
10	0	47	0.005794	Saline
1	0	48	0.000317	Saline
19	1	48	0.003204	2BrLSD_0.3
2	1	48	0.006459	2BrLSD_0.3
13	1	48	0.005758	2BrLSD_0.3
18	0	48	0.011430	Saline
17	2	48	0.002742	2BrLSD_1
5	1	48	0.012561	2BrLSD_0.3
12	0	48	0.011915	Saline
4	0	48	0.004165	Saline
22	1	48	0.009178	2BrLSD_0.3
8	1	48	0.005687	2BrLSD_0.3
6	2	48	0.003190	2BrLSD_1
23	2	48	0.003665	2BrLSD_1
11	1	48	0.008929	2BrLSD_0.3
9	2	48	0.002354	2BrLSD_1
3	2	48	0.009018	2BrLSD_1
15	0	48	0.008861	Saline
7	0	48	0.006301	Saline
20	2	48	0.008314	2BrLSD_1
14	2	48	0.004881	2BrLSD_1
16	1	48	0.002098	2BrLSD_0.3
21	0	48	0.010696	Saline
10	0	48	0.014137	Saline
1	0	49	0.000158	Saline
19	1	49	0.018795	2BrLSD_0.3
2	1	49	0.019728	2BrLSD_0.3
13	1	49	0.011310	2BrLSD_0.3
18	0	49	0.001861	Saline
17	2	49	0.027810	2BrLSD_1
5	1	49	0.002913	2BrLSD_0.3
12	0	49	0.000254	Saline
4	0	49	0.000694	Saline
22	1	49	0.008076	2BrLSD_0.3
8	1	49	0.019336	2BrLSD_0.3
6	2	49	0.016821	2BrLSD_1
23	2	49	0.006516	2BrLSD_1
11	1	49	0.014323	2BrLSD_0.3
9	2	49	0.003078	2BrLSD_1
3	2	49	0.007483	2BrLSD_1
15	0	49	0.000661	Saline
7	0	49	0.001235	Saline
20	2	49	0.017626	2BrLSD_1
14	2	49	0.015116	2BrLSD_1
16	1	49	0.002288	2BrLSD_0.3
21	0	49	0.000775	Saline
10	0	49	0.001390	Saline
1	0	50	0.000633	Saline
19	1	50	0.003845	2BrLSD_0.3
2	1	50	0.011522	2BrLSD_0.3
13	1	50	0.007814	2BrLSD_0.3
18	0	50	0.007443	Saline
17	2	50	0.007834	2BrLSD_1
5	1	50	0.005644	2BrLSD_0.3
12	0	50	0.002915	Saline
4	0	50	0.004581	Saline
22	1	50	0.014134	2BrLSD_0.3
8	1	50	0.002502	2BrLSD_0.3
6	2	50	0.004930	2BrLSD_1
23	2	50	0.001425	2BrLSD_1
11	1	50	0.011161	2BrLSD_0.3
9	2	50	0.003802	2BrLSD_1
3	2	50	0.019186	2BrLSD_1
15	0	50	0.006084	Saline
7	0	50	0.007042	Saline
20	2	50	0.009644	2BrLSD_1
14	2	50	0.006613	2BrLSD_1
16	1	50	0.001335	2BrLSD_0.3
21	0	50	0.002015	Saline
10	0	50	0.011008	Saline
1	0	51	0.002532	Saline
19	1	51	0.004699	2BrLSD_0.3
2	1	51	0.003142	2BrLSD_0.3
13	1	51	0.011516	2BrLSD_0.3
18	0	51	0.001329	Saline
17	2	51	0.014101	2BrLSD_1
5	1	51	0.006372	2BrLSD_0.3
12	0	51	0.000254	Saline
4	0	51	0.000278	Saline
22	1	51	0.018172	2BrLSD_0.3
8	1	51	0.018198	2BrLSD_0.3
6	2	51	0.016531	2BrLSD_1
23	2	51	0.003258	2BrLSD_1
11	1	51	0.000930	2BrLSD_0.3
9	2	51	0.018106	2BrLSD_1
3	2	51	0.006523	2BrLSD_1
15	0	51	0.003306	Saline
7	0	51	0.001112	Saline
20	2	51	0.016960	2BrLSD_1
14	2	51	0.018422	2BrLSD_1
16	1	51	0.011251	2BrLSD_0.3
21	0	51	0.000620	Saline
10	0	51	0.001275	Saline
1	0	52	0.001425	Saline
19	1	52	0.012601	2BrLSD_0.3
2	1	52	0.004365	2BrLSD_0.3
13	1	52	0.002262	2BrLSD_0.3
18	0	52	0.003057	Saline
17	2	52	0.005484	2BrLSD_1
5	1	52	0.018751	2BrLSD_0.3
12	0	52	0.002282	Saline
4	0	52	0.007636	Saline
22	1	52	0.008260	2BrLSD_0.3
8	1	52	0.005914	2BrLSD_0.3
6	2	52	0.015661	2BrLSD_1
23	2	52	0.006720	2BrLSD_1
11	1	52	0.024740	2BrLSD_0.3
9	2	52	0.000724	2BrLSD_1
3	2	52	0.007291	2BrLSD_1
15	0	52	0.000794	Saline
7	0	52	0.007907	Saline
20	2	52	0.006984	2BrLSD_1
14	2	52	0.010235	2BrLSD_1
16	1	52	0.004386	2BrLSD_0.3
21	0	52	0.002480	Saline
10	0	52	0.001738	Saline
1	0	53	0.010605	Saline
19	1	53	0.008116	2BrLSD_0.3
2	1	53	0.002619	2BrLSD_0.3
13	1	53	0.012544	2BrLSD_0.3
18	0	53	0.004519	Saline
17	2	53	0.001958	2BrLSD_1
5	1	53	0.010923	2BrLSD_0.3
12	0	53	0.004183	Saline
4	0	53	0.012217	Saline
22	1	53	0.001101	2BrLSD_0.3
8	1	53	0.003867	2BrLSD_0.3
6	2	53	0.006671	2BrLSD_1
23	2	53	0.001833	2BrLSD_1
11	1	53	0.002418	2BrLSD_0.3
9	2	53	0.006880	2BrLSD_1
3	2	53	0.004029	2BrLSD_1
15	0	53	0.010316	Saline
7	0	53	0.005065	Saline
20	2	53	0.000665	2BrLSD_1
14	2	53	0.000315	2BrLSD_1
16	1	53	0.008963	2BrLSD_0.3
21	0	53	0.017982	Saline
10	0	53	0.005214	Saline
1	0	54	0.002849	Saline
19	1	54	0.010252	2BrLSD_0.3
2	1	54	0.008904	2BrLSD_0.3
13	1	54	0.008020	2BrLSD_0.3
18	0	54	0.001595	Saline
17	2	54	0.012534	2BrLSD_1
5	1	54	0.002003	2BrLSD_0.3
12	0	54	0.003169	Saline
4	0	54	0.003610	Saline
22	1	54	0.009912	2BrLSD_0.3
8	1	54	0.011601	2BrLSD_0.3
6	2	54	0.008121	2BrLSD_1
23	2	54	0.006109	2BrLSD_1
11	1	54	0.010789	2BrLSD_0.3
9	2	54	0.009596	2BrLSD_1
3	2	54	0.006523	2BrLSD_1
15	0	54	0.005290	Saline
7	0	54	0.002718	Saline
20	2	54	0.011640	2BrLSD_1
14	2	54	0.015116	2BrLSD_1
16	1	54	0.010488	2BrLSD_0.3
21	0	54	0.002480	Saline
10	0	54	0.002665	Saline
1	0	55	0.000000	Saline
19	1	55	0.000427	2BrLSD_0.3
2	1	55	0.033520	2BrLSD_0.3
13	1	55	0.006580	2BrLSD_0.3
18	0	55	0.001994	Saline
17	2	55	0.009792	2BrLSD_1
5	1	55	0.008010	2BrLSD_0.3
12	0	55	0.000380	Saline
4	0	55	0.000000	Saline
22	1	55	0.010279	2BrLSD_0.3
8	1	55	0.014331	2BrLSD_0.3
6	2	55	0.007831	2BrLSD_1
23	2	55	0.003054	2BrLSD_1
11	1	55	0.012463	2BrLSD_0.3
9	2	55	0.000543	2BrLSD_1
3	2	55	0.018419	2BrLSD_1
15	0	55	0.001455	Saline
7	0	55	0.001235	Saline
20	2	55	0.005321	2BrLSD_1
14	2	55	0.011809	2BrLSD_1
16	1	55	0.000000	2BrLSD_0.3
21	0	55	0.002480	Saline
10	0	55	0.003476	Saline
1	0	56	0.004274	Saline
19	1	56	0.004912	2BrLSD_0.3
2	1	56	0.006809	2BrLSD_0.3
13	1	56	0.002056	2BrLSD_0.3
18	0	56	0.013822	Saline
17	2	56	0.001958	2BrLSD_1
5	1	56	0.001274	2BrLSD_0.3
12	0	56	0.001521	Saline
4	0	56	0.008746	Saline
22	1	56	0.003488	2BrLSD_0.3
8	1	56	0.002502	2BrLSD_0.3
6	2	56	0.006090	2BrLSD_1
23	2	56	0.000814	2BrLSD_1
11	1	56	0.010975	2BrLSD_0.3
9	2	56	0.010683	2BrLSD_1
3	2	56	0.009210	2BrLSD_1
15	0	56	0.003703	Saline
7	0	56	0.005065	Saline
20	2	56	0.000998	2BrLSD_1
14	2	56	0.010235	2BrLSD_1
16	1	56	0.001335	2BrLSD_0.3
21	0	56	0.003100	Saline
10	0	56	0.010313	Saline
1	0	57	0.002058	Saline
19	1	57	0.060658	2BrLSD_0.3
2	1	57	0.009427	2BrLSD_0.3
13	1	57	0.003085	2BrLSD_0.3
18	0	57	0.002127	Saline
17	2	57	0.007834	2BrLSD_1
5	1	57	0.001456	2BrLSD_0.3
12	0	57	0.000000	Saline
4	0	57	0.001666	Saline
22	1	57	0.008076	2BrLSD_0.3
8	1	57	0.013421	2BrLSD_0.3
6	2	57	0.008411	2BrLSD_1
23	2	57	0.001425	2BrLSD_1
11	1	57	0.002046	2BrLSD_0.3
9	2	57	0.006337	2BrLSD_1
3	2	57	0.003262	2BrLSD_1
15	0	57	0.000265	Saline
7	0	57	0.000618	Saline
20	2	57	0.000998	2BrLSD_1
14	2	57	0.004251	2BrLSD_1
16	1	57	0.013921	2BrLSD_0.3
21	0	57	0.000310	Saline
10	0	57	0.000232	Saline
1	0	58	0.006331	Saline
19	1	58	0.004485	2BrLSD_0.3
2	1	58	0.002095	2BrLSD_0.3
13	1	58	0.007814	2BrLSD_0.3
18	0	58	0.006512	Saline
17	2	58	0.000000	2BrLSD_1
5	1	58	0.004005	2BrLSD_0.3
12	0	58	0.009000	Saline
4	0	58	0.007636	Saline
22	1	58	0.004589	2BrLSD_0.3
8	1	58	0.002275	2BrLSD_0.3
6	2	58	0.005220	2BrLSD_1
23	2	58	0.000204	2BrLSD_1
11	1	58	0.001488	2BrLSD_0.3
9	2	58	0.009415	2BrLSD_1
3	2	58	0.006140	2BrLSD_1
15	0	58	0.003042	Saline
7	0	58	0.014208	Saline
20	2	58	0.004988	2BrLSD_1
14	2	58	0.001417	2BrLSD_1
16	1	58	0.002670	2BrLSD_0.3
21	0	58	0.004495	Saline
10	0	58	0.004519	Saline
1	0	59	0.000475	Saline
19	1	59	0.002136	2BrLSD_0.3
2	1	59	0.003317	2BrLSD_0.3
13	1	59	0.007197	2BrLSD_0.3
18	0	59	0.005449	Saline
17	2	59	0.003525	2BrLSD_1
5	1	59	0.010013	2BrLSD_0.3
12	0	59	0.006465	Saline
4	0	59	0.001527	Saline
22	1	59	0.008260	2BrLSD_0.3
8	1	59	0.002047	2BrLSD_0.3
6	2	59	0.003190	2BrLSD_1
23	2	59	0.001833	2BrLSD_1
11	1	59	0.006324	2BrLSD_0.3
9	2	59	0.001267	2BrLSD_1
3	2	59	0.009210	2BrLSD_1
15	0	59	0.005952	Saline
7	0	59	0.004695	Saline
20	2	59	0.004323	2BrLSD_1
14	2	59	0.005826	2BrLSD_1
16	1	59	0.000763	2BrLSD_0.3
21	0	59	0.003720	Saline
10	0	59	0.011124	Saline
1	0	60	0.001583	Saline
19	1	60	0.002349	2BrLSD_0.3
2	1	60	0.003317	2BrLSD_0.3
13	1	60	0.005963	2BrLSD_0.3
18	0	60	0.005449	Saline
17	2	60	0.000392	2BrLSD_1
5	1	60	0.003823	2BrLSD_0.3
12	0	60	0.007098	Saline
4	0	60	0.009302	Saline
22	1	60	0.004772	2BrLSD_0.3
8	1	60	0.004550	2BrLSD_0.3
6	2	60	0.000870	2BrLSD_1
23	2	60	0.004072	2BrLSD_1
11	1	60	0.008557	2BrLSD_0.3
9	2	60	0.000543	2BrLSD_1
3	2	60	0.001535	2BrLSD_1
15	0	60	0.008994	Saline
7	0	60	0.007166	Saline
20	2	60	0.008314	2BrLSD_1
14	2	60	0.001417	2BrLSD_1
16	1	60	0.001526	2BrLSD_0.3
21	0	60	0.009456	Saline
10	0	60	0.004867	Saline
1	0	61	0.000791	Saline
19	1	61	0.001709	2BrLSD_0.3
2	1	61	0.003317	2BrLSD_0.3
13	1	61	0.009665	2BrLSD_0.3
18	0	61	0.003323	Saline
17	2	61	0.008226	2BrLSD_1
5	1	61	0.016384	2BrLSD_0.3
12	0	61	0.006845	Saline
4	0	61	0.001527	Saline
22	1	61	0.005323	2BrLSD_0.3
8	1	61	0.002047	2BrLSD_0.3
6	2	61	0.004640	2BrLSD_1
23	2	61	0.001833	2BrLSD_1
11	1	61	0.005580	2BrLSD_0.3
9	2	61	0.002535	2BrLSD_1
3	2	61	0.015925	2BrLSD_1
15	0	61	0.003703	Saline
7	0	61	0.001977	Saline
20	2	61	0.010642	2BrLSD_1
14	2	61	0.003307	2BrLSD_1
16	1	61	0.001335	2BrLSD_0.3
21	0	61	0.005271	Saline
10	0	61	0.003940	Saline
1	0	62	0.002849	Saline
19	1	62	0.007048	2BrLSD_0.3
2	1	62	0.010649	2BrLSD_0.3
13	1	62	0.000617	2BrLSD_0.3
18	0	62	0.006114	Saline
17	2	62	0.004309	2BrLSD_1
5	1	62	0.002185	2BrLSD_0.3
12	0	62	0.001648	Saline
4	0	62	0.004859	Saline
22	1	62	0.005140	2BrLSD_0.3
8	1	62	0.002502	2BrLSD_0.3
6	2	62	0.001450	2BrLSD_1
23	2	62	0.001425	2BrLSD_1
11	1	62	0.002418	2BrLSD_0.3
9	2	62	0.006699	2BrLSD_1
3	2	62	0.005564	2BrLSD_1
15	0	62	0.004100	Saline
7	0	62	0.001853	Saline
20	2	62	0.000998	2BrLSD_1
14	2	62	0.006298	2BrLSD_1
16	1	62	0.004005	2BrLSD_0.3
21	0	62	0.001860	Saline
10	0	62	0.016338	Saline
1	0	63	0.003640	Saline
19	1	63	0.007689	2BrLSD_0.3
2	1	63	0.001047	2BrLSD_0.3
13	1	63	0.012749	2BrLSD_0.3
18	0	63	0.005715	Saline
17	2	63	0.000000	2BrLSD_1
5	1	63	0.007646	2BrLSD_0.3
12	0	63	0.003422	Saline
4	0	63	0.006525	Saline
22	1	63	0.004589	2BrLSD_0.3
8	1	63	0.003185	2BrLSD_0.3
6	2	63	0.007251	2BrLSD_1
23	2	63	0.001833	2BrLSD_1
11	1	63	0.010975	2BrLSD_0.3
9	2	63	0.001267	2BrLSD_1
3	2	63	0.001535	2BrLSD_1
15	0	63	0.003306	Saline
7	0	63	0.002595	Saline
20	2	63	0.000665	2BrLSD_1
14	2	63	0.000630	2BrLSD_1
16	1	63	0.005149	2BrLSD_0.3
21	0	63	0.005891	Saline
10	0	63	0.002897	Saline
1	0	64	0.001583	Saline
19	1	64	0.004058	2BrLSD_0.3
2	1	64	0.003841	2BrLSD_0.3
13	1	64	0.005346	2BrLSD_0.3
18	0	64	0.005582	Saline
17	2	64	0.001175	2BrLSD_1
5	1	64	0.007282	2BrLSD_0.3
12	0	64	0.000127	Saline
4	0	64	0.001111	Saline
22	1	64	0.002386	2BrLSD_0.3
8	1	64	0.007507	2BrLSD_0.3
6	2	64	0.001450	2BrLSD_1
23	2	64	0.021584	2BrLSD_1
11	1	64	0.006510	2BrLSD_0.3
9	2	64	0.001811	2BrLSD_1
3	2	64	0.018035	2BrLSD_1
15	0	64	0.000661	Saline
7	0	64	0.001606	Saline
20	2	64	0.012637	2BrLSD_1
14	2	64	0.003149	2BrLSD_1
16	1	64	0.003051	2BrLSD_0.3
21	0	64	0.000465	Saline
10	0	64	0.000463	Saline
1	0	65	0.001266	Saline
19	1	65	0.008116	2BrLSD_0.3
2	1	65	0.003841	2BrLSD_0.3
13	1	65	0.001645	2BrLSD_0.3
18	0	65	0.002791	Saline
17	2	65	0.007442	2BrLSD_1
5	1	65	0.002731	2BrLSD_0.3
12	0	65	0.001901	Saline
4	0	65	0.005970	Saline
22	1	65	0.005507	2BrLSD_0.3
8	1	65	0.002275	2BrLSD_0.3
6	2	65	0.000290	2BrLSD_1
23	2	65	0.000814	2BrLSD_1
11	1	65	0.004278	2BrLSD_0.3
9	2	65	0.004345	2BrLSD_1
3	2	65	0.002494	2BrLSD_1
15	0	65	0.004497	Saline
7	0	65	0.002718	Saline
20	2	65	0.003326	2BrLSD_1
14	2	65	0.004251	2BrLSD_1
16	1	65	0.003814	2BrLSD_0.3
21	0	65	0.000310	Saline
10	0	65	0.015180	Saline
1	0	66	0.000317	Saline
19	1	66	0.030115	2BrLSD_0.3
2	1	66	0.001920	2BrLSD_0.3
13	1	66	0.009459	2BrLSD_0.3
18	0	66	0.002392	Saline
17	2	66	0.001567	2BrLSD_1
5	1	66	0.001638	2BrLSD_0.3
12	0	66	0.002282	Saline
4	0	66	0.004165	Saline
22	1	66	0.000918	2BrLSD_0.3
8	1	66	0.004095	2BrLSD_0.3
6	2	66	0.006381	2BrLSD_1
23	2	66	0.001425	2BrLSD_1
11	1	66	0.003720	2BrLSD_0.3
9	2	66	0.000543	2BrLSD_1
3	2	66	0.002302	2BrLSD_1
15	0	66	0.001852	Saline
7	0	66	0.002224	Saline
20	2	66	0.000665	2BrLSD_1
14	2	66	0.001889	2BrLSD_1
16	1	66	0.001716	2BrLSD_0.3
21	0	66	0.003565	Saline
10	0	66	0.000463	Saline
1	0	67	0.016303	Saline
19	1	67	0.003845	2BrLSD_0.3
2	1	67	0.000000	2BrLSD_0.3
13	1	67	0.004318	2BrLSD_0.3
18	0	67	0.000000	Saline
17	2	67	0.000000	2BrLSD_1
5	1	67	0.000182	2BrLSD_0.3
12	0	67	0.000000	Saline
4	0	67	0.000278	Saline
22	1	67	0.000918	2BrLSD_0.3
8	1	67	0.000000	2BrLSD_0.3
6	2	67	0.000290	2BrLSD_1
23	2	67	0.000000	2BrLSD_1
11	1	67	0.000000	2BrLSD_0.3
9	2	67	0.032048	2BrLSD_1
3	2	67	0.000000	2BrLSD_1
15	0	67	0.000132	Saline
7	0	67	0.000371	Saline
20	2	67	0.000000	2BrLSD_1
14	2	67	0.000000	2BrLSD_1
16	1	67	0.008963	2BrLSD_0.3
21	0	67	0.004960	Saline
10	0	67	0.000579	Saline
1	0	68	0.000000	Saline
19	1	68	0.000854	2BrLSD_0.3
2	1	68	0.016236	2BrLSD_0.3
13	1	68	0.000000	2BrLSD_0.3
18	0	68	0.000000	Saline
17	2	68	0.096357	2BrLSD_1
5	1	68	0.000000	2BrLSD_0.3
12	0	68	0.000000	Saline
4	0	68	0.000000	Saline
22	1	68	0.001652	2BrLSD_0.3
8	1	68	0.003640	2BrLSD_0.3
6	2	68	0.000290	2BrLSD_1
23	2	68	0.000000	2BrLSD_1
11	1	68	0.001860	2BrLSD_0.3
9	2	68	0.000181	2BrLSD_1
3	2	68	0.000959	2BrLSD_1
15	0	68	0.000000	Saline
7	0	68	0.000124	Saline
20	2	68	0.000333	2BrLSD_1
14	2	68	0.001575	2BrLSD_1
16	1	68	0.000000	2BrLSD_0.3
21	0	68	0.000155	Saline
10	0	68	0.000116	Saline
1	0	69	0.003007	Saline
19	1	69	0.004699	2BrLSD_0.3
2	1	69	0.003492	2BrLSD_0.3
13	1	69	0.000000	2BrLSD_0.3
18	0	69	0.003987	Saline
17	2	69	0.001958	2BrLSD_1
5	1	69	0.000364	2BrLSD_0.3
12	0	69	0.001901	Saline
4	0	69	0.002221	Saline
22	1	69	0.002019	2BrLSD_0.3
8	1	69	0.001137	2BrLSD_0.3
6	2	69	0.000580	2BrLSD_1
23	2	69	0.001425	2BrLSD_1
11	1	69	0.001860	2BrLSD_0.3
9	2	69	0.001811	2BrLSD_1
3	2	69	0.002302	2BrLSD_1
15	0	69	0.003571	Saline
7	0	69	0.001112	Saline
20	2	69	0.000665	2BrLSD_1
14	2	69	0.004409	2BrLSD_1
16	1	69	0.004005	2BrLSD_0.3
21	0	69	0.001395	Saline
10	0	69	0.011819	Saline
1	0	70	0.000000	Saline
19	1	70	0.000000	2BrLSD_0.3
2	1	70	0.036837	2BrLSD_0.3
13	1	70	0.000206	2BrLSD_0.3
18	0	70	0.000000	Saline
17	2	70	0.050529	2BrLSD_1
5	1	70	0.005097	2BrLSD_0.3
12	0	70	0.000000	Saline
4	0	70	0.000000	Saline
22	1	70	0.000000	2BrLSD_0.3
8	1	70	0.000000	2BrLSD_0.3
6	2	70	0.000000	2BrLSD_1
23	2	70	0.000000	2BrLSD_1
11	1	70	0.000000	2BrLSD_0.3
9	2	70	0.000000	2BrLSD_1
3	2	70	0.000000	2BrLSD_1
15	0	70	0.000000	Saline
7	0	70	0.000000	Saline
20	2	70	0.000000	2BrLSD_1
14	2	70	0.000000	2BrLSD_1
16	1	70	0.000000	2BrLSD_0.3
21	0	70	0.000000	Saline
10	0	70	0.000000	Saline
1	0	71	0.000000	Saline
19	1	71	0.000000	2BrLSD_0.3
2	1	71	0.014141	2BrLSD_0.3
13	1	71	0.001439	2BrLSD_0.3
18	0	71	0.000797	Saline
17	2	71	0.009009	2BrLSD_1
5	1	71	0.002367	2BrLSD_0.3
12	0	71	0.000887	Saline
4	0	71	0.000139	Saline
22	1	71	0.001652	2BrLSD_0.3
8	1	71	0.004550	2BrLSD_0.3
6	2	71	0.000580	2BrLSD_1
23	2	71	0.001629	2BrLSD_1
11	1	71	0.001674	2BrLSD_0.3
9	2	71	0.001267	2BrLSD_1
3	2	71	0.008826	2BrLSD_1
15	0	71	0.000265	Saline
7	0	71	0.000618	Saline
20	2	71	0.002993	2BrLSD_1
14	2	71	0.001417	2BrLSD_1
16	1	71	0.000953	2BrLSD_0.3
21	0	71	0.001395	Saline
10	0	71	0.004867	Saline
1	0	72	0.000000	Saline
19	1	72	0.000214	2BrLSD_0.3
2	1	72	0.002619	2BrLSD_0.3
13	1	72	0.000000	2BrLSD_0.3
18	0	72	0.000000	Saline
17	2	72	0.000392	2BrLSD_1
5	1	72	0.000000	2BrLSD_0.3
12	0	72	0.000000	Saline
4	0	72	0.000139	Saline
22	1	72	0.000184	2BrLSD_0.3
8	1	72	0.002957	2BrLSD_0.3
6	2	72	0.000000	2BrLSD_1
23	2	72	0.000204	2BrLSD_1
11	1	72	0.000000	2BrLSD_0.3
9	2	72	0.005613	2BrLSD_1
3	2	72	0.000576	2BrLSD_1
15	0	72	0.000265	Saline
7	0	72	0.000000	Saline
20	2	72	0.000000	2BrLSD_1
14	2	72	0.037474	2BrLSD_1
16	1	72	0.000191	2BrLSD_0.3
21	0	72	0.000000	Saline
10	0	72	0.000232	Saline
1	0	73	0.000158	Saline
19	1	73	0.004058	2BrLSD_0.3
2	1	73	0.001047	2BrLSD_0.3
13	1	73	0.009459	2BrLSD_0.3
18	0	73	0.002127	Saline
17	2	73	0.003525	2BrLSD_1
5	1	73	0.002185	2BrLSD_0.3
12	0	73	0.000380	Saline
4	0	73	0.000694	Saline
22	1	73	0.001652	2BrLSD_0.3
8	1	73	0.002047	2BrLSD_0.3
6	2	73	0.004060	2BrLSD_1
23	2	73	0.002036	2BrLSD_1
11	1	73	0.018415	2BrLSD_0.3
9	2	73	0.000181	2BrLSD_1
3	2	73	0.001151	2BrLSD_1
15	0	73	0.000132	Saline
7	0	73	0.000618	Saline
20	2	73	0.002660	2BrLSD_1
14	2	73	0.003621	2BrLSD_1
16	1	73	0.000953	2BrLSD_0.3
21	0	73	0.000000	Saline
10	0	73	0.000000	Saline
1	0	74	0.000000	Saline
19	1	74	0.000000	2BrLSD_0.3
2	1	74	0.000000	2BrLSD_0.3
13	1	74	0.000000	2BrLSD_0.3
18	0	74	0.000000	Saline
17	2	74	0.095182	2BrLSD_1
5	1	74	0.000000	2BrLSD_0.3
12	0	74	0.000000	Saline
4	0	74	0.000000	Saline
22	1	74	0.000000	2BrLSD_0.3
8	1	74	0.000000	2BrLSD_0.3
6	2	74	0.000000	2BrLSD_1
23	2	74	0.000000	2BrLSD_1
11	1	74	0.000000	2BrLSD_0.3
9	2	74	0.000000	2BrLSD_1
3	2	74	0.000000	2BrLSD_1
15	0	74	0.000000	Saline
7	0	74	0.000000	Saline
20	2	74	0.000000	2BrLSD_1
14	2	74	0.000000	2BrLSD_1
16	1	74	0.000000	2BrLSD_0.3
21	0	74	0.000000	Saline
10	0	74	0.000000	Saline
1	0	75	0.000000	Saline
19	1	75	0.000000	2BrLSD_0.3
2	1	75	0.016061	2BrLSD_0.3
13	1	75	0.000000	2BrLSD_0.3
18	0	75	0.000000	Saline
17	2	75	0.001958	2BrLSD_1
5	1	75	0.000000	2BrLSD_0.3
12	0	75	0.000000	Saline
4	0	75	0.000000	Saline
22	1	75	0.000000	2BrLSD_0.3
8	1	75	0.000000	2BrLSD_0.3
6	2	75	0.000000	2BrLSD_1
23	2	75	0.000000	2BrLSD_1
11	1	75	0.000000	2BrLSD_0.3
9	2	75	0.000000	2BrLSD_1
3	2	75	0.020530	2BrLSD_1
15	0	75	0.000000	Saline
7	0	75	0.000000	Saline
20	2	75	0.000000	2BrLSD_1
14	2	75	0.000157	2BrLSD_1
16	1	75	0.000000	2BrLSD_0.3
21	0	75	0.000000	Saline
10	0	75	0.000000	Saline
1	0	76	0.000000	Saline
19	1	76	0.000000	2BrLSD_0.3
2	1	76	0.000175	2BrLSD_0.3
13	1	76	0.000206	2BrLSD_0.3
18	0	76	0.000000	Saline
17	2	76	0.000000	2BrLSD_1
5	1	76	0.000000	2BrLSD_0.3
12	0	76	0.000000	Saline
4	0	76	0.000000	Saline
22	1	76	0.000000	2BrLSD_0.3
8	1	76	0.000000	2BrLSD_0.3
6	2	76	0.000000	2BrLSD_1
23	2	76	0.000000	2BrLSD_1
11	1	76	0.000000	2BrLSD_0.3
9	2	76	0.000000	2BrLSD_1
3	2	76	0.000000	2BrLSD_1
15	0	76	0.000000	Saline
7	0	76	0.000000	Saline
20	2	76	0.000000	2BrLSD_1
14	2	76	0.031649	2BrLSD_1
16	1	76	0.000000	2BrLSD_0.3
21	0	76	0.000000	Saline
10	0	76	0.000000	Saline
1	0	77	0.000000	Saline
19	1	77	0.000000	2BrLSD_0.3
2	1	77	0.027235	2BrLSD_0.3
13	1	77	0.000000	2BrLSD_0.3
18	0	77	0.000000	Saline
17	2	77	0.000000	2BrLSD_1
5	1	77	0.000000	2BrLSD_0.3
12	0	77	0.000000	Saline
4	0	77	0.000000	Saline
22	1	77	0.000000	2BrLSD_0.3
8	1	77	0.000000	2BrLSD_0.3
6	2	77	0.000000	2BrLSD_1
23	2	77	0.000000	2BrLSD_1
11	1	77	0.000000	2BrLSD_0.3
9	2	77	0.000000	2BrLSD_1
3	2	77	0.000000	2BrLSD_1
15	0	77	0.000000	Saline
7	0	77	0.000000	Saline
20	2	77	0.000000	2BrLSD_1
14	2	77	0.000000	2BrLSD_1
16	1	77	0.000000	2BrLSD_0.3
21	0	77	0.000000	Saline
10	0	77	0.000000	Saline
1	0	78	0.000158	Saline
19	1	78	0.000000	2BrLSD_0.3
2	1	78	0.000000	2BrLSD_0.3
13	1	78	0.000000	2BrLSD_0.3
18	0	78	0.000000	Saline
17	2	78	0.000000	2BrLSD_1
5	1	78	0.000000	2BrLSD_0.3
12	0	78	0.000000	Saline
4	0	78	0.000000	Saline
22	1	78	0.000000	2BrLSD_0.3
8	1	78	0.006142	2BrLSD_0.3
6	2	78	0.025522	2BrLSD_1
23	2	78	0.000000	2BrLSD_1
11	1	78	0.000000	2BrLSD_0.3
9	2	78	0.000000	2BrLSD_1
3	2	78	0.000000	2BrLSD_1
15	0	78	0.000000	Saline
7	0	78	0.000000	Saline
20	2	78	0.000000	2BrLSD_1
14	2	78	0.000000	2BrLSD_1
16	1	78	0.000000	2BrLSD_0.3
21	0	78	0.000000	Saline
10	0	78	0.000000	Saline
1	0	79	0.000000	Saline
19	1	79	0.000000	2BrLSD_0.3
2	1	79	0.000000	2BrLSD_0.3
13	1	79	0.000206	2BrLSD_0.3
18	0	79	0.000000	Saline
17	2	79	0.007051	2BrLSD_1
5	1	79	0.000000	2BrLSD_0.3
12	0	79	0.000000	Saline
4	0	79	0.000000	Saline
22	1	79	0.000184	2BrLSD_0.3
8	1	79	0.000000	2BrLSD_0.3
6	2	79	0.000000	2BrLSD_1
23	2	79	0.000000	2BrLSD_1
11	1	79	0.000000	2BrLSD_0.3
9	2	79	0.000000	2BrLSD_1
3	2	79	0.000000	2BrLSD_1
15	0	79	0.000000	Saline
7	0	79	0.000000	Saline
20	2	79	0.004323	2BrLSD_1
14	2	79	0.009447	2BrLSD_1
16	1	79	0.000000	2BrLSD_0.3
21	0	79	0.000000	Saline
10	0	79	0.000000	Saline
1	0	80	0.000000	Saline
19	1	80	0.000000	2BrLSD_0.3
2	1	80	0.007682	2BrLSD_0.3
13	1	80	0.000000	2BrLSD_0.3
18	0	80	0.000000	Saline
17	2	80	0.001567	2BrLSD_1
5	1	80	0.000000	2BrLSD_0.3
12	0	80	0.000000	Saline
4	0	80	0.000139	Saline
22	1	80	0.001101	2BrLSD_0.3
8	1	80	0.000227	2BrLSD_0.3
6	2	80	0.000000	2BrLSD_1
23	2	80	0.000000	2BrLSD_1
11	1	80	0.000000	2BrLSD_0.3
9	2	80	0.000000	2BrLSD_1
3	2	80	0.004988	2BrLSD_1
15	0	80	0.000000	Saline
7	0	80	0.000000	Saline
20	2	80	0.000000	2BrLSD_1
14	2	80	0.000157	2BrLSD_1
16	1	80	0.000000	2BrLSD_0.3
21	0	80	0.000000	Saline
10	0	80	0.000232	Saline
1	0	81	0.000000	Saline
19	1	81	0.000000	2BrLSD_0.3
2	1	81	0.000000	2BrLSD_0.3
13	1	81	0.000000	2BrLSD_0.3
18	0	81	0.000000	Saline
17	2	81	0.000000	2BrLSD_1
5	1	81	0.000000	2BrLSD_0.3
12	0	81	0.000000	Saline
4	0	81	0.000000	Saline
22	1	81	0.000000	2BrLSD_0.3
8	1	81	0.000000	2BrLSD_0.3
6	2	81	0.000000	2BrLSD_1
23	2	81	0.000000	2BrLSD_1
11	1	81	0.000000	2BrLSD_0.3
9	2	81	0.012493	2BrLSD_1
3	2	81	0.000000	2BrLSD_1
15	0	81	0.000000	Saline
7	0	81	0.000000	Saline
20	2	81	0.000000	2BrLSD_1
14	2	81	0.000000	2BrLSD_1
16	1	81	0.000000	2BrLSD_0.3
21	0	81	0.000000	Saline
10	0	81	0.000000	Saline
1	0	82	0.000000	Saline
19	1	82	0.000000	2BrLSD_0.3
2	1	82	0.000524	2BrLSD_0.3
13	1	82	0.000000	2BrLSD_0.3
18	0	82	0.000133	Saline
17	2	82	0.010967	2BrLSD_1
5	1	82	0.000000	2BrLSD_0.3
12	0	82	0.000000	Saline
4	0	82	0.000000	Saline
22	1	82	0.000000	2BrLSD_0.3
8	1	82	0.000000	2BrLSD_0.3
6	2	82	0.000000	2BrLSD_1
23	2	82	0.000000	2BrLSD_1
11	1	82	0.000000	2BrLSD_0.3
9	2	82	0.000000	2BrLSD_1
3	2	82	0.000000	2BrLSD_1
15	0	82	0.000000	Saline
7	0	82	0.000000	Saline
20	2	82	0.000000	2BrLSD_1
14	2	82	0.000000	2BrLSD_1
16	1	82	0.000000	2BrLSD_0.3
21	0	82	0.000000	Saline
10	0	82	0.000000	Saline
1	0	83	0.000000	Saline
19	1	83	0.000000	2BrLSD_0.3
2	1	83	0.000000	2BrLSD_0.3
13	1	83	0.002879	2BrLSD_0.3
18	0	83	0.000000	Saline
17	2	83	0.000000	2BrLSD_1
5	1	83	0.000000	2BrLSD_0.3
12	0	83	0.000000	Saline
4	0	83	0.000000	Saline
22	1	83	0.001101	2BrLSD_0.3
8	1	83	0.000000	2BrLSD_0.3
6	2	83	0.000000	2BrLSD_1
23	2	83	0.000814	2BrLSD_1
11	1	83	0.000000	2BrLSD_0.3
9	2	83	0.000000	2BrLSD_1
3	2	83	0.000000	2BrLSD_1
15	0	83	0.000000	Saline
7	0	83	0.000000	Saline
20	2	83	0.000000	2BrLSD_1
14	2	83	0.000000	2BrLSD_1
16	1	83	0.000000	2BrLSD_0.3
21	0	83	0.000000	Saline
10	0	83	0.000000	Saline
1	0	84	0.000000	Saline
19	1	84	0.000000	2BrLSD_0.3
2	1	84	0.000000	2BrLSD_0.3
13	1	84	0.000000	2BrLSD_0.3
18	0	84	0.000000	Saline
17	2	84	0.001958	2BrLSD_1
5	1	84	0.000000	2BrLSD_0.3
12	0	84	0.000000	Saline
4	0	84	0.000000	Saline
22	1	84	0.000000	2BrLSD_0.3
8	1	84	0.000000	2BrLSD_0.3
6	2	84	0.000000	2BrLSD_1
23	2	84	0.001018	2BrLSD_1
11	1	84	0.000000	2BrLSD_0.3
9	2	84	0.000000	2BrLSD_1
3	2	84	0.000000	2BrLSD_1
15	0	84	0.000000	Saline
7	0	84	0.000000	Saline
20	2	84	0.003658	2BrLSD_1
14	2	84	0.000000	2BrLSD_1
16	1	84	0.000000	2BrLSD_0.3
21	0	84	0.000000	Saline
10	0	84	0.000000	Saline
1	0	85	0.000000	Saline
19	1	85	0.000000	2BrLSD_0.3
2	1	85	0.000000	2BrLSD_0.3
13	1	85	0.000000	2BrLSD_0.3
18	0	85	0.000000	Saline
17	2	85	0.000000	2BrLSD_1
5	1	85	0.000000	2BrLSD_0.3
12	0	85	0.000000	Saline
4	0	85	0.000000	Saline
22	1	85	0.000000	2BrLSD_0.3
8	1	85	0.000000	2BrLSD_0.3
6	2	85	0.000000	2BrLSD_1
23	2	85	0.000000	2BrLSD_1
11	1	85	0.000000	2BrLSD_0.3
9	2	85	0.000000	2BrLSD_1
3	2	85	0.003645	2BrLSD_1
15	0	85	0.000000	Saline
7	0	85	0.000000	Saline
20	2	85	0.000000	2BrLSD_1
14	2	85	0.000000	2BrLSD_1
16	1	85	0.000000	2BrLSD_0.3
21	0	85	0.000000	Saline
10	0	85	0.000000	Saline
1	0	86	0.000158	Saline
19	1	86	0.000000	2BrLSD_0.3
2	1	86	0.000000	2BrLSD_0.3
13	1	86	0.000206	2BrLSD_0.3
18	0	86	0.000000	Saline
17	2	86	0.000000	2BrLSD_1
5	1	86	0.000000	2BrLSD_0.3
12	0	86	0.000000	Saline
4	0	86	0.000139	Saline
22	1	86	0.000000	2BrLSD_0.3
8	1	86	0.000000	2BrLSD_0.3
6	2	86	0.000580	2BrLSD_1
23	2	86	0.000000	2BrLSD_1
11	1	86	0.000000	2BrLSD_0.3
9	2	86	0.000000	2BrLSD_1
3	2	86	0.000000	2BrLSD_1
15	0	86	0.000132	Saline
7	0	86	0.000494	Saline
20	2	86	0.000000	2BrLSD_1
14	2	86	0.000000	2BrLSD_1
16	1	86	0.000000	2BrLSD_0.3
21	0	86	0.000000	Saline
10	0	86	0.000000	Saline
1	0	87	0.000475	Saline
19	1	87	0.000000	2BrLSD_0.3
2	1	87	0.000000	2BrLSD_0.3
13	1	87	0.000000	2BrLSD_0.3
18	0	87	0.000000	Saline
17	2	87	0.000000	2BrLSD_1
5	1	87	0.000000	2BrLSD_0.3
12	0	87	0.000000	Saline
4	0	87	0.000139	Saline
22	1	87	0.000000	2BrLSD_0.3
8	1	87	0.000000	2BrLSD_0.3
6	2	87	0.000000	2BrLSD_1
23	2	87	0.000000	2BrLSD_1
11	1	87	0.000000	2BrLSD_0.3
9	2	87	0.000181	2BrLSD_1
3	2	87	0.000000	2BrLSD_1
15	0	87	0.000000	Saline
7	0	87	0.000000	Saline
20	2	87	0.000000	2BrLSD_1
14	2	87	0.000157	2BrLSD_1
16	1	87	0.000000	2BrLSD_0.3
21	0	87	0.000000	Saline
10	0	87	0.000000	Saline
1	0	88	0.000158	Saline
19	1	88	0.000000	2BrLSD_0.3
2	1	88	0.000000	2BrLSD_0.3
13	1	88	0.000000	2BrLSD_0.3
18	0	88	0.000133	Saline
17	2	88	0.000000	2BrLSD_1
5	1	88	0.000000	2BrLSD_0.3
12	0	88	0.000000	Saline
4	0	88	0.000139	Saline
22	1	88	0.000000	2BrLSD_0.3
8	1	88	0.000000	2BrLSD_0.3
6	2	88	0.000000	2BrLSD_1
23	2	88	0.000000	2BrLSD_1
11	1	88	0.000000	2BrLSD_0.3
9	2	88	0.000000	2BrLSD_1
3	2	88	0.000000	2BrLSD_1
15	0	88	0.000000	Saline
7	0	88	0.000000	Saline
20	2	88	0.000000	2BrLSD_1
14	2	88	0.000157	2BrLSD_1
16	1	88	0.000000	2BrLSD_0.3
21	0	88	0.000000	Saline
10	0	88	0.000232	Saline
1	0	89	0.000158	Saline
19	1	89	0.000000	2BrLSD_0.3
2	1	89	0.000000	2BrLSD_0.3
13	1	89	0.000000	2BrLSD_0.3
18	0	89	0.000000	Saline
17	2	89	0.000000	2BrLSD_1
5	1	89	0.000000	2BrLSD_0.3
12	0	89	0.000507	Saline
4	0	89	0.000000	Saline
22	1	89	0.000000	2BrLSD_0.3
8	1	89	0.000000	2BrLSD_0.3
6	2	89	0.000000	2BrLSD_1
23	2	89	0.000000	2BrLSD_1
11	1	89	0.000000	2BrLSD_0.3
9	2	89	0.000000	2BrLSD_1
3	2	89	0.000000	2BrLSD_1
15	0	89	0.000000	Saline
7	0	89	0.000000	Saline
20	2	89	0.000000	2BrLSD_1
14	2	89	0.000000	2BrLSD_1
16	1	89	0.000000	2BrLSD_0.3
21	0	89	0.000000	Saline
10	0	89	0.000000	Saline
1	0	90	0.000158	Saline
19	1	90	0.000000	2BrLSD_0.3
2	1	90	0.000000	2BrLSD_0.3
13	1	90	0.000000	2BrLSD_0.3
18	0	90	0.000000	Saline
17	2	90	0.000000	2BrLSD_1
5	1	90	0.000000	2BrLSD_0.3
12	0	90	0.000000	Saline
4	0	90	0.000139	Saline
22	1	90	0.000000	2BrLSD_0.3
8	1	90	0.000227	2BrLSD_0.3
6	2	90	0.000000	2BrLSD_1
23	2	90	0.000000	2BrLSD_1
11	1	90	0.000000	2BrLSD_0.3
9	2	90	0.000000	2BrLSD_1
3	2	90	0.000000	2BrLSD_1
15	0	90	0.000000	Saline
7	0	90	0.000000	Saline
20	2	90	0.000000	2BrLSD_1
14	2	90	0.000000	2BrLSD_1
16	1	90	0.000191	2BrLSD_0.3
21	0	90	0.000000	Saline
10	0	90	0.000116	Saline
1	0	91	0.000158	Saline
19	1	91	0.000000	2BrLSD_0.3
2	1	91	0.000000	2BrLSD_0.3
13	1	91	0.000000	2BrLSD_0.3
18	0	91	0.000133	Saline
17	2	91	0.000000	2BrLSD_1
5	1	91	0.000000	2BrLSD_0.3
12	0	91	0.000000	Saline
4	0	91	0.000000	Saline
22	1	91	0.000000	2BrLSD_0.3
8	1	91	0.000000	2BrLSD_0.3
6	2	91	0.000000	2BrLSD_1
23	2	91	0.000000	2BrLSD_1
11	1	91	0.000000	2BrLSD_0.3
9	2	91	0.000000	2BrLSD_1
3	2	91	0.000000	2BrLSD_1
15	0	91	0.000000	Saline
7	0	91	0.000124	Saline
20	2	91	0.000000	2BrLSD_1
14	2	91	0.000000	2BrLSD_1
16	1	91	0.000000	2BrLSD_0.3
21	0	91	0.000000	Saline
10	0	91	0.000116	Saline
1	0	92	0.000000	Saline
19	1	92	0.000000	2BrLSD_0.3
2	1	92	0.000000	2BrLSD_0.3
13	1	92	0.000206	2BrLSD_0.3
18	0	92	0.000000	Saline
17	2	92	0.000000	2BrLSD_1
5	1	92	0.000000	2BrLSD_0.3
12	0	92	0.000000	Saline
4	0	92	0.000000	Saline
22	1	92	0.000000	2BrLSD_0.3
8	1	92	0.000000	2BrLSD_0.3
6	2	92	0.000000	2BrLSD_1
23	2	92	0.000000	2BrLSD_1
11	1	92	0.000000	2BrLSD_0.3
9	2	92	0.000000	2BrLSD_1
3	2	92	0.000000	2BrLSD_1
15	0	92	0.000000	Saline
7	0	92	0.000000	Saline
20	2	92	0.000000	2BrLSD_1
14	2	92	0.000157	2BrLSD_1
16	1	92	0.000191	2BrLSD_0.3
21	0	92	0.000000	Saline
10	0	92	0.000000	Saline
1	0	93	0.000000	Saline
19	1	93	0.000214	2BrLSD_0.3
2	1	93	0.000000	2BrLSD_0.3
13	1	93	0.000000	2BrLSD_0.3
18	0	93	0.000000	Saline
17	2	93	0.000000	2BrLSD_1
5	1	93	0.000000	2BrLSD_0.3
12	0	93	0.000000	Saline
4	0	93	0.000139	Saline
22	1	93	0.000000	2BrLSD_0.3
8	1	93	0.000000	2BrLSD_0.3
6	2	93	0.000000	2BrLSD_1
23	2	93	0.000000	2BrLSD_1
11	1	93	0.000000	2BrLSD_0.3
9	2	93	0.000000	2BrLSD_1
3	2	93	0.000000	2BrLSD_1
15	0	93	0.000132	Saline
7	0	93	0.000000	Saline
20	2	93	0.000000	2BrLSD_1
14	2	93	0.000000	2BrLSD_1
16	1	93	0.000000	2BrLSD_0.3
21	0	93	0.000000	Saline
10	0	93	0.000000	Saline
1	0	94	0.000000	Saline
19	1	94	0.000000	2BrLSD_0.3
2	1	94	0.000000	2BrLSD_0.3
13	1	94	0.000206	2BrLSD_0.3
18	0	94	0.000000	Saline
17	2	94	0.000000	2BrLSD_1
5	1	94	0.000000	2BrLSD_0.3
12	0	94	0.000000	Saline
4	0	94	0.000000	Saline
22	1	94	0.000000	2BrLSD_0.3
8	1	94	0.000000	2BrLSD_0.3
6	2	94	0.000000	2BrLSD_1
23	2	94	0.000000	2BrLSD_1
11	1	94	0.000000	2BrLSD_0.3
9	2	94	0.000000	2BrLSD_1
3	2	94	0.000000	2BrLSD_1
15	0	94	0.000000	Saline
7	0	94	0.000000	Saline
20	2	94	0.000000	2BrLSD_1
14	2	94	0.000000	2BrLSD_1
16	1	94	0.000000	2BrLSD_0.3
21	0	94	0.000155	Saline
10	0	94	0.000000	Saline
1	0	95	0.000158	Saline
19	1	95	0.000000	2BrLSD_0.3
2	1	95	0.000000	2BrLSD_0.3
13	1	95	0.000000	2BrLSD_0.3
18	0	95	0.000000	Saline
17	2	95	0.000000	2BrLSD_1
5	1	95	0.000000	2BrLSD_0.3
12	0	95	0.000000	Saline
4	0	95	0.000000	Saline
22	1	95	0.000000	2BrLSD_0.3
8	1	95	0.000000	2BrLSD_0.3
6	2	95	0.000000	2BrLSD_1
23	2	95	0.000000	2BrLSD_1
11	1	95	0.000000	2BrLSD_0.3
9	2	95	0.000000	2BrLSD_1
3	2	95	0.000000	2BrLSD_1
15	0	95	0.000132	Saline
7	0	95	0.000000	Saline
20	2	95	0.000000	2BrLSD_1
14	2	95	0.000000	2BrLSD_1
16	1	95	0.000000	2BrLSD_0.3
21	0	95	0.000000	Saline
10	0	95	0.000000	Saline
1	0	96	0.000000	Saline
19	1	96	0.000000	2BrLSD_0.3
2	1	96	0.000000	2BrLSD_0.3
13	1	96	0.000206	2BrLSD_0.3
18	0	96	0.000000	Saline
17	2	96	0.000000	2BrLSD_1
5	1	96	0.000000	2BrLSD_0.3
12	0	96	0.000000	Saline
4	0	96	0.000000	Saline
22	1	96	0.000000	2BrLSD_0.3
8	1	96	0.000000	2BrLSD_0.3
6	2	96	0.000000	2BrLSD_1
23	2	96	0.000000	2BrLSD_1
11	1	96	0.000000	2BrLSD_0.3
9	2	96	0.000000	2BrLSD_1
3	2	96	0.000000	2BrLSD_1
15	0	96	0.000132	Saline
7	0	96	0.000000	Saline
20	2	96	0.000000	2BrLSD_1
14	2	96	0.000000	2BrLSD_1
16	1	96	0.000000	2BrLSD_0.3
21	0	96	0.000000	Saline
10	0	96	0.000000	Saline
1	0	97	0.000000	Saline
19	1	97	0.000000	2BrLSD_0.3
2	1	97	0.000000	2BrLSD_0.3
13	1	97	0.000000	2BrLSD_0.3
18	0	97	0.000000	Saline
17	2	97	0.000000	2BrLSD_1
5	1	97	0.000000	2BrLSD_0.3
12	0	97	0.000000	Saline
4	0	97	0.000000	Saline
22	1	97	0.000000	2BrLSD_0.3
8	1	97	0.000000	2BrLSD_0.3
6	2	97	0.000000	2BrLSD_1
23	2	97	0.000204	2BrLSD_1
11	1	97	0.000186	2BrLSD_0.3
9	2	97	0.000000	2BrLSD_1
3	2	97	0.000000	2BrLSD_1
15	0	97	0.000000	Saline
7	0	97	0.000000	Saline
20	2	97	0.000000	2BrLSD_1
14	2	97	0.000000	2BrLSD_1
16	1	97	0.000000	2BrLSD_0.3
21	0	97	0.000000	Saline
10	0	97	0.000000	Saline
1	0	98	0.000000	Saline
19	1	98	0.000000	2BrLSD_0.3
2	1	98	0.000000	2BrLSD_0.3
13	1	98	0.000000	2BrLSD_0.3
18	0	98	0.000000	Saline
17	2	98	0.000000	2BrLSD_1
5	1	98	0.000000	2BrLSD_0.3
12	0	98	0.000000	Saline
4	0	98	0.000000	Saline
22	1	98	0.000000	2BrLSD_0.3
8	1	98	0.000000	2BrLSD_0.3
6	2	98	0.000290	2BrLSD_1
23	2	98	0.000000	2BrLSD_1
11	1	98	0.000000	2BrLSD_0.3
9	2	98	0.000000	2BrLSD_1
3	2	98	0.000000	2BrLSD_1
15	0	98	0.000000	Saline
7	0	98	0.000000	Saline
20	2	98	0.000000	2BrLSD_1
14	2	98	0.000000	2BrLSD_1
16	1	98	0.000000	2BrLSD_0.3
21	0	98	0.000000	Saline
10	0	98	0.000000	Saline
1	0	99	0.000000	Saline
19	1	99	0.000000	2BrLSD_0.3
2	1	99	0.000000	2BrLSD_0.3
13	1	99	0.000000	2BrLSD_0.3
18	0	99	0.000000	Saline
17	2	99	0.000000	2BrLSD_1
5	1	99	0.000000	2BrLSD_0.3
12	0	99	0.000000	Saline
4	0	99	0.000000	Saline
22	1	99	0.000000	2BrLSD_0.3
8	1	99	0.000000	2BrLSD_0.3
6	2	99	0.000000	2BrLSD_1
23	2	99	0.000000	2BrLSD_1
11	1	99	0.000186	2BrLSD_0.3
9	2	99	0.000000	2BrLSD_1
3	2	99	0.000000	2BrLSD_1
15	0	99	0.000000	Saline
7	0	99	0.000000	Saline
20	2	99	0.000000	2BrLSD_1
14	2	99	0.000000	2BrLSD_1
16	1	99	0.000000	2BrLSD_0.3
21	0	99	0.000000	Saline
10	0	99	0.000000	Saline
